Epoch	AverageEpRet	StdEpRet	MaxEpRet	MinEpRet	EpLen	AverageVVals	StdVVals	MaxVVals	MinVVals	TotalEnvInteracts	LossPi	DeltaLossPi	LossV	DeltaLossV	Entropy	KL	Time
0	-0.45537955	1.2527469	2.8495183	-3.2367296	1000.0	0.22304682	0.076799154	0.38069206	0.03608945	40000	0.00888007	4.615821e-05	0.13011414	-0.10162349	1.8364363	0.0009789686	64.71038579940796
1	-0.7050537	0.85374147	0.7395041	-2.3453486	1000.0	-0.045758735	0.13936268	0.36553115	-0.48999462	80000	0.0009464478	-0.0016114258	0.033714436	-0.009005595	1.8473238	0.00083088706	134.51991939544678
2	-0.48461923	1.0228653	2.3739994	-2.2338371	1000.0	-0.05703225	0.21797007	0.46013978	-0.628887	120000	0.0009973145	-0.0029703018	0.03463841	-0.010374043	1.8342375	0.0013218477	201.12893414497375
3	-0.47390223	0.78808784	1.5803638	-2.1516697	1000.0	-0.034531627	0.14632098	0.26964238	-0.3996203	160000	-0.009769937	-0.0011674957	0.027678909	-0.008085767	1.8527429	0.0012321306	272.27048802375793
4	-0.14922856	0.90722877	1.9681787	-1.5895283	1000.0	-0.04852893	0.09503996	0.19963458	-0.33473295	200000	-0.0007275238	-0.0007446945	0.03702686	-0.01104022	1.8396372	0.0013347622	349.4912028312683
5	-0.16589573	0.9096679	2.5292652	-1.8584086	1000.0	-0.02051908	0.043560185	0.17727041	-0.16263215	240000	0.0030319672	-0.0009517276	0.033243176	-0.0112537015	1.8413991	0.0008444465	421.29535365104675
6	-0.09344079	0.82003623	2.309464	-1.9500495	1000.0	-0.011927438	0.09500239	0.35978237	-0.23375985	280000	-0.0036165405	-0.0009366486	0.02369768	-0.0055383164	1.8400234	0.0013108259	492.0103597640991
7	-0.14633977	1.12433	2.0437574	-2.432379	1000.0	-0.0027691596	0.108670585	0.3686775	-0.27606153	320000	0.00822579	0.00026067812	0.03299084	-0.009197876	1.8406844	0.00061000965	560.9749934673309
8	-0.39868554	1.0563838	3.7297196	-2.8500764	1000.0	-0.017165951	0.15697521	0.45076478	-0.41681272	360000	-0.0013399201	-0.00057809136	0.03079075	-0.009629844	1.8412014	0.00041191748	631.781907081604
9	-0.07243125	1.4767696	4.0353713	-2.8300288	1000.0	-0.0179156	0.22096634	0.5953827	-0.5781512	400000	-0.0014034424	-0.00049289863	0.04051291	-0.013052328	1.8343309	0.00018191308	702.0268197059631
10	0.10551282	1.4851893	4.485615	-1.8027798	1000.0	-0.0036215156	0.23324879	0.84720707	-0.7730855	440000	-0.004871256	-0.00057273125	0.038720332	-0.012046864	1.8420035	0.00035087572	774.4694972038269
11	0.39126053	1.1540084	3.8666599	-2.0991824	1000.0	0.030980615	0.31185353	1.1565974	-0.68246055	480000	-0.007640741	-0.0008329032	0.039366562	-0.011983091	1.8414644	0.00015946961	845.496693611145
12	-0.1534761	1.3403853	3.1317291	-2.6144285	1000.0	0.017296575	0.23431623	0.83061117	-0.54577523	520000	0.003710399	-0.00093319244	0.033808026	-0.01060725	1.8405657	0.0003784391	916.8190817832947
13	-0.16503295	1.1210511	3.0418413	-1.9954218	1000.0	0.010739006	0.21806784	0.81042314	-0.60023874	560000	0.0011338776	-0.0013107758	0.027341196	-0.0065728035	1.8363132	0.00053838093	989.9196538925171
14	0.064607665	1.1496929	3.3565917	-1.6738288	1000.0	-0.02125537	0.20469621	0.588745	-0.5482489	600000	0.0035171837	-0.0007260756	0.03037211	-0.008968556	1.839791	0.0007187399	1065.6209135055542
15	0.31594032	1.1953266	3.8879216	-1.7000722	1000.0	0.018310478	0.22570007	0.95161146	-0.46680984	640000	-0.004517685	-0.0004465431	0.037436046	-0.00930414	1.8363321	0.00042950085	1144.062523841858
16	0.5105472	0.9786142	2.6794236	-1.1513971	1000.0	0.04596739	0.19794315	0.9327401	-0.54056	680000	0.0021409548	-0.00083039445	0.02758051	-0.005553063	1.8352426	0.0006097791	1215.62819647789
17	0.55202806	1.1650826	3.509152	-1.7189784	1000.0	0.06208986	0.18024214	0.7871942	-0.41974917	720000	0.0019144166	-0.00068633736	0.034604684	-0.00925363	1.8334324	0.00047337456	1285.6517395973206
18	0.2512471	1.0139942	2.570261	-1.6882288	1000.0	0.03303451	0.15755272	0.7890439	-0.36071312	760000	-0.0066867736	-0.00054984726	0.026170086	-0.0055387598	1.832492	0.0006570509	1352.0835282802582
19	0.35710496	1.0808033	4.275249	-1.3046467	1000.0	0.027534327	0.14161073	0.82551605	-0.34365204	800000	-0.0055518188	-0.00055482564	0.028230097	-0.0056830477	1.8397942	0.00032463938	1416.706062078476
20	0.47222996	0.7936052	2.59974	-0.79726344	1000.0	0.040325005	0.117434196	0.68569434	-0.3229358	840000	-0.007076782	-0.0011556614	0.022509994	-0.0044673365	1.8405467	0.00032974602	1482.7176406383514
21	0.40544447	1.0324321	2.9941177	-1.0803727	1000.0	0.043942906	0.10326644	0.66085815	-0.3035951	880000	0.0018784546	-0.0010286071	0.029301435	-0.006273737	1.8371661	0.00026446313	1547.6448812484741
22	0.41567746	0.9208822	2.9333737	-1.3357698	1000.0	0.026830878	0.100744724	0.53484994	-0.34994027	920000	-0.00082916947	-0.00042828295	0.023859503	-0.0043165907	1.8312789	0.00056057225	1615.570732831955
23	0.5193802	1.0424258	2.3911724	-1.6013318	1000.0	0.051879052	0.106353864	0.6253086	-0.36033234	960000	-0.01294848	-0.0006055422	0.031822965	-0.0068986993	1.830694	0.00041722323	1688.4485306739807
24	0.49325246	0.89596033	2.69127	-1.25173	1000.0	0.0417675	0.10752821	0.5890889	-0.29727614	1000000	-0.006230438	-0.00061857933	0.023419097	-0.0043512527	1.8482118	0.00025197057	1757.3042197227478
25	0.52267396	0.8944778	2.5948992	-1.4307654	1000.0	0.035782583	0.09605418	0.5503783	-0.28418136	1040000	-0.0003582447	-0.00042948953	0.02566391	-0.0043477174	1.8323414	0.0002025439	1832.7648763656616
26	0.48973608	0.80597955	2.7266922	-0.8880523	1000.0	0.06350857	0.12443583	0.81848127	-0.40463296	1080000	-6.998749e-05	-0.00052049715	0.024757922	-0.0048990045	1.8308717	0.0002884329	1905.8861815929413
27	0.56374216	0.9456876	3.3704505	-0.8733102	1000.0	0.043650564	0.12337156	0.6477236	-0.3500753	1120000	-0.00043893128	-0.00036615296	0.028105542	-0.004637655	1.8385078	0.00010363681	1970.0247888565063
28	0.36598197	0.7618331	2.5041373	-1.0185142	1000.0	0.036247645	0.10157058	0.7876565	-0.35209838	1160000	-0.006032386	-0.0006758552	0.02013306	-0.0030356161	1.8253554	0.0001516468	2035.3473374843597
29	0.8432869	0.96260345	3.8980684	-0.59390235	1000.0	0.034754902	0.11094493	0.714116	-0.37340045	1200000	0.0012571282	-0.00056421134	0.027251357	-0.005818026	1.8358837	2.1320291e-05	2099.3287670612335
30	0.6029211	0.9039356	3.5660262	-0.68917155	1000.0	0.0771126	0.11505074	0.8263495	-0.36918113	1240000	-0.0092826355	-0.0007623825	0.026063437	-0.0040563345	1.8266172	0.00021268721	2162.642377614975
31	0.94058436	1.2422756	3.4672549	-1.2344699	1000.0	0.06841074	0.13182312	0.7119139	-0.37956458	1280000	-0.004362091	-0.00036285399	0.03789625	-0.008764243	1.8426834	0.00031664828	2225.863890647888
32	0.8833624	0.98625755	4.033356	-0.5987008	1000.0	0.07892343	0.1565531	0.9077944	-0.41980267	1320000	-0.005059647	-0.00079793856	0.02782403	-0.004202813	1.8426183	0.0004416031	2289.1052606105804
33	0.72767603	0.98300874	3.2547374	-0.8117391	1000.0	0.08961111	0.17766349	1.0442485	-0.41788217	1360000	-0.0071346816	-0.00057249377	0.028193805	-0.007870166	1.8397603	0.00023328981	2352.340196609497
34	0.849848	1.0744777	3.968315	-0.98215526	1000.0	0.08195004	0.15871686	1.006325	-0.44325337	1400000	-0.0023311966	-0.000511409	0.028207215	-0.00474553	1.8314	0.00021627892	2416.8804335594177
35	0.93394166	1.2968651	4.639694	-1.2845354	1000.0	0.071970455	0.1641123	0.80145276	-0.4364628	1440000	-0.0116356155	-0.00051081274	0.03092142	-0.005843345	1.8408445	0.00022261449	2485.362915992737
36	1.0355991	0.8874224	3.4012692	-0.57884926	1000.0	0.0971394	0.1789944	0.96891457	-0.37129432	1480000	-0.0032907585	-0.00037075765	0.030833255	-0.0051714573	1.8460302	7.852617e-05	2553.445316553116
37	0.98037064	1.1808698	4.0556293	-0.5514512	1000.0	0.09316067	0.17729421	1.2536831	-0.4505446	1520000	-0.022006935	-0.00050405413	0.034093108	-0.008584237	1.8385769	3.7396807e-05	2617.1047835350037
38	1.3074481	1.3260671	4.8202176	-0.82190233	1000.0	0.10768921	0.19158788	0.9513349	-0.48282933	1560000	-0.0069500245	-0.0004203245	0.03816246	-0.010579707	1.8430148	7.232986e-05	2680.538463115692
39	1.1752377	1.1322738	4.7653685	-0.74031824	1000.0	0.12600318	0.22314723	1.6326765	-0.40316302	1600000	-0.0023913193	-0.00041227415	0.035997417	-0.006732231	1.8269486	6.65822e-05	2748.5321917533875
40	1.3207992	1.2011551	5.1321936	-0.3520916	1000.0	0.12140258	0.22685547	1.2704728	-0.42029116	1640000	-0.015063718	-0.0005002953	0.038761627	-0.006497156	1.8321576	6.9908776e-05	2815.27947974205
41	1.5946299	1.395937	5.4171476	-0.5646946	1000.0	0.1297001	0.2218648	1.2922968	-0.39035642	1680000	-0.010437883	-0.00055378675	0.040168095	-0.00825946	1.8317728	4.4831336e-07	2881.175460100174
42	1.1825122	1.0155722	3.180854	-1.0247226	1000.0	0.13145468	0.21847154	1.4864112	-0.48307255	1720000	0.003797931	-0.0005147862	0.031567503	-0.0058924425	1.8362719	3.907276e-05	2950.9517889022827
43	1.1688964	1.3055049	4.570976	-0.99776256	1000.0	0.10149311	0.21866861	1.218013	-0.49114278	1760000	-0.00269433	-0.00039364002	0.032626037	-0.005835885	1.8322442	5.5273606e-05	3016.9403533935547
44	1.4599382	1.5945814	5.399667	-0.7951583	1000.0	0.11396349	0.23500411	1.4019424	-0.44149864	1800000	-0.0093713645	-0.0004951414	0.04145841	-0.0077247918	1.8300307	1.5570338e-05	3086.2528319358826
45	1.5903476	1.4642503	4.4690123	-1.0332655	1000.0	0.15005863	0.2232644	1.2883631	-0.42199567	1840000	-0.012652277	-0.00058442913	0.045667656	-0.012350783	1.8296416	5.0789906e-05	3157.9223380088806
46	1.5156705	1.4001081	4.6806135	-1.2026526	1000.0	0.16201569	0.27364117	1.4857423	-0.41837144	1880000	-0.010026799	-0.00074280705	0.04421173	-0.011142425	1.8328363	0.00013448045	3221.8155648708344
47	1.4704473	1.4284122	5.691633	-0.55731905	1000.0	0.13904414	0.26366886	1.5702566	-0.46293047	1920000	-0.01223654	-0.0005215062	0.039506428	-0.00845998	1.8325949	9.72386e-05	3288.4861862659454
48	1.5858374	1.673769	5.576585	-0.9277613	1000.0	0.14350136	0.26269943	1.4236816	-0.45359793	1960000	-0.010285987	-0.0006085541	0.04640283	-0.012223173	1.8251044	0.00024027526	3363.4534289836884
49	1.9694235	1.4177889	5.9224105	-0.3409846	1000.0	0.1825001	0.29396257	1.5687459	-0.45652568	2000000	0.0009277237	-0.00050587923	0.055792347	-0.0128023885	1.8376611	0.0002622061	3432.6759703159332
50	1.8446289	1.6312399	6.8058734	-0.4571323	1000.0	0.16779837	0.27490214	1.8130001	-0.4885462	2040000	-0.006069605	-0.00057439227	0.05173878	-0.016041819	1.8293998	4.9892955e-05	3505.6253385543823
51	1.9267216	1.5612366	5.018065	-0.95913684	1000.0	0.1911831	0.32002214	1.8649706	-0.445557	2080000	0.0023516908	-0.00027721561	0.062603235	-0.015986126	1.8263677	9.0947244e-05	3580.6214940547943
52	1.933934	1.416851	5.269466	-1.2666224	1000.0	0.20512027	0.3220438	1.7245967	-0.5268756	2120000	-0.0026187836	-0.0005345412	0.05025797	-0.014587197	1.8231678	0.0002656618	3650.669905900955
53	1.997308	2.1230867	7.218673	-0.8419787	1000.0	0.19696917	0.33768237	1.7947925	-0.54860985	2160000	-0.0087847095	-0.0005987007	0.060530946	-0.012651786	1.8206879	0.00019229003	3725.3607988357544
54	2.3890953	1.7928293	7.785961	-0.6573534	1000.0	0.19410615	0.33036995	1.7271847	-0.5359754	2200000	-0.014754149	-0.00080812816	0.0646427	-0.016373336	1.8266586	0.00043315598	3800.2440614700317
55	2.5626712	1.9748431	7.9251375	-0.56617993	1000.0	0.24531788	0.34989843	1.8026533	-0.5145373	2240000	-0.009349484	-0.0013298923	0.07719153	-0.0238522	1.8231301	0.0008439888	3874.4407122135162
56	2.8061624	1.9829763	6.4137373	-0.4662079	1000.0	0.23919971	0.36478546	1.9946812	-0.5839951	2280000	-0.0070900405	-0.00030524284	0.07843933	-0.018733919	1.8305559	0.00037492078	3947.253202199936
57	2.518719	1.7026453	6.549604	-0.68211603	1000.0	0.24285927	0.371781	1.8000861	-0.5562864	2320000	-0.0135409925	-0.0004967414	0.06771311	-0.016594943	1.8314633	0.00074534345	4020.1682963371277
58	2.7497272	1.87173	6.44297	-0.836199	1000.0	0.25627068	0.37054968	1.8516798	-0.55776566	2360000	-0.009459447	-0.00096000824	0.06449284	-0.015057992	1.8318516	0.0009460527	4094.57537150383
59	2.5068257	2.2604017	6.936377	-1.2477891	1000.0	0.24806492	0.39613593	1.8245505	-0.67112595	2400000	-0.006197603	8.032704e-05	0.08056511	-0.026006944	1.82362	0.00043821707	4165.447747707367
60	3.1692033	2.6207192	9.331589	-0.9422533	1000.0	0.28192186	0.43631732	2.0633566	-0.61898506	2440000	-0.01592331	-0.0008152388	0.094654515	-0.028080523	1.8200605	0.0004951639	4235.922380685806
61	2.9668396	2.5631537	8.830104	-1.1627085	1000.0	0.28811935	0.4730051	2.139364	-0.7018657	2480000	-0.012238606	-0.0010507507	0.09117792	-0.028659694	1.815081	0.0011410811	4310.68877530098
62	2.466305	2.0586548	9.526247	-0.39935547	1000.0	0.26334947	0.43374905	1.9827026	-0.60105747	2520000	-0.01564233	-0.00038957223	0.08502855	-0.024806086	1.8262349	0.0009097133	4387.167971372604
63	3.2874572	2.4221835	7.4644914	-1.0333267	1000.0	0.27273908	0.45902887	1.8710442	-0.6926674	2560000	-0.009374724	-0.00031331088	0.10349702	-0.03515	1.8294613	0.0005502121	4461.281265974045
64	3.0727308	2.4335513	9.405911	-0.77335644	1000.0	0.29768765	0.4780107	1.8639168	-0.6777123	2600000	-0.0020940034	-0.00050880155	0.07236666	-0.018224757	1.8286049	0.00072627916	4538.873901128769
65	2.8537297	2.296607	8.860562	-0.7443345	1000.0	0.2861644	0.4703107	1.9512392	-0.60779166	2640000	-0.00891189	-0.00041044317	0.07778273	-0.025000252	1.8283349	0.0005706119	4613.657892227173
66	2.6666572	2.180488	8.355816	-1.3405915	1000.0	0.29548207	0.4792632	1.9179126	-0.6988728	2680000	-0.0076486175	-0.000118762255	0.085981265	-0.024229325	1.820877	0.00031341467	4688.764167547226
67	3.160115	2.2949715	8.996227	-0.8573019	1000.0	0.2778104	0.47083455	1.8571985	-0.6914249	2720000	-0.0032273517	-0.00053330325	0.096624	-0.030341104	1.8218257	0.00027166578	4764.382173776627
68	2.742275	2.3608298	10.543366	-0.21175848	1000.0	0.25967467	0.47168753	1.8082023	-0.67824095	2760000	0.0026302205	-0.00041979412	0.08281161	-0.026939824	1.8140529	0.000341745	4837.990641117096
69	3.3134449	3.0949905	11.790565	-0.92722875	1000.0	0.31909546	0.50258225	1.8250675	-0.6716466	2800000	-0.0050028893	-0.00026987214	0.113643765	-0.031852104	1.8223426	0.00035267088	4911.899573326111
70	2.8144505	2.6012406	9.645795	-1.5913823	1000.0	0.26939288	0.5108894	2.1607382	-0.63904864	2840000	-0.0010996857	-0.0005163421	0.08461359	-0.022140209	1.815639	0.00060273334	4989.119848012924
71	2.798309	2.206832	10.126021	-0.23790996	1000.0	0.2578268	0.4661964	1.6793617	-0.6890765	2880000	-0.004093813	-0.00021088216	0.09334966	-0.029204428	1.8119928	0.00017533352	5064.354084014893
72	2.9658153	2.6123903	12.116426	-0.40386254	1000.0	0.27711764	0.47576085	1.9517455	-0.6221526	2920000	0.0015211144	-0.0005056008	0.07712486	-0.024316661	1.8233101	0.00012459926	5140.796738147736
73	2.9828753	2.2674506	8.273104	-1.1635388	1000.0	0.29196578	0.4858883	1.9000794	-0.6736495	2960000	-0.005225876	-0.00044695428	0.08497868	-0.027651455	1.8156879	0.00030318016	5215.331191778183
74	3.511248	2.7900755	9.747096	-0.94207513	1000.0	0.2906663	0.4711391	1.9189283	-0.63934183	3000000	0.003566648	-0.0001875679	0.10641214	-0.035813794	1.8235557	-4.3243585e-06	5288.822911977768
75	3.822698	2.344661	8.359589	-0.67168903	1000.0	0.37872824	0.53747696	2.2379298	-0.7571971	3040000	0.0007641571	-0.00025212707	0.10300214	-0.03972712	1.8181115	0.00015279363	5368.016433477402
76	4.075446	2.371796	9.3603735	0.03032972	1000.0	0.38437438	0.50491667	2.0551963	-0.61978483	3080000	0.008673549	-0.00057933014	0.1163706	-0.04304178	1.8212512	0.0001324879	5444.307736873627
77	3.7347221	2.7503967	11.2353115	-0.6655892	1000.0	0.37305507	0.49216077	1.8998843	-0.5594726	3120000	-0.006904811	-0.00017137919	0.09186149	-0.028211705	1.819175	2.4237528e-05	5522.229599475861
78	2.9979053	2.1886988	9.993237	0.032838136	1000.0	0.30952314	0.45633364	2.0170288	-0.55309194	3160000	0.0032277915	-0.00043456722	0.088523045	-0.024760008	1.8193629	0.00030818928	5595.829549789429
79	3.3665078	2.2453947	8.399987	-0.34082332	1000.0	0.32151613	0.48075595	2.1699288	-0.61155134	3200000	-0.0066472357	-0.0004350869	0.08158285	-0.0260408	1.8207335	0.00017519238	5671.328320741653
80	3.6383958	2.8249123	11.784364	-0.27496415	1000.0	0.30000076	0.43565792	1.7775054	-0.565726	3240000	-0.0037285888	-0.0003289308	0.0972166	-0.03736846	1.8178649	0.00015188754	5746.536853790283
81	4.1483593	2.5417814	10.236696	0.07345638	1000.0	0.39013076	0.52213377	2.3742452	-0.538314	3280000	-0.006128714	-0.00034396676	0.10374653	-0.044109087	1.8067453	0.00015467854	5820.598870038986
82	3.8551102	2.2413075	9.033022	-0.7908719	1000.0	0.38417855	0.50511485	2.1794133	-0.5440236	3320000	0.0015566895	-0.0004673279	0.10927871	-0.04134111	1.822607	7.6867545e-05	5893.298430681229
83	4.2988787	2.6697607	11.554899	-0.90530694	1000.0	0.38524804	0.491953	1.9960098	-0.5206274	3360000	-0.015467326	-0.00046854	0.10836431	-0.02806411	1.8139453	6.629065e-05	5967.515819072723
84	3.464166	2.4514344	10.860582	-0.35415882	1000.0	0.32962132	0.44965518	2.114068	-0.57933956	3400000	-0.004595042	-0.00037614908	0.0792578	-0.020640943	1.8177806	5.719342e-05	6043.355761766434
85	3.9321904	2.1856904	9.985441	0.24040319	1000.0	0.36936715	0.46391717	1.9638091	-0.54613674	3440000	-0.0035787614	-0.00044267834	0.10423503	-0.034962945	1.8215219	0.0002743821	6113.783626079559
86	3.3543801	2.6880705	10.305379	-0.20964913	1000.0	0.36251745	0.4589885	2.0868027	-0.44404963	3480000	-0.0070861755	-0.0003864779	0.088650756	-0.02583842	1.8176656	0.0002959404	6189.085336685181
87	4.1272783	2.3535142	7.791376	-0.28755656	1000.0	0.36809292	0.4717422	1.943879	-0.5282873	3520000	-0.0021971115	-0.00051302044	0.09811853	-0.032001637	1.8212532	0.00023617072	6259.670526742935
88	3.6856103	2.2676613	8.357152	0.01186809	1000.0	0.38241962	0.4416772	1.8518173	-0.45137298	3560000	-0.0050878967	-0.0006178315	0.095040865	-0.021080554	1.8194488	0.0003881296	6335.964670181274
89	4.6003666	2.428189	12.86824	0.5184134	1000.0	0.3837421	0.44649547	1.8946593	-0.4712651	3600000	-0.008434427	-0.0004093051	0.10379497	-0.026977964	1.8119367	0.00030037583	6410.159088850021
90	4.434996	2.0655582	8.939805	-0.85137975	1000.0	0.4066834	0.44216293	2.1277728	-0.4732552	3640000	-0.0006305756	-0.00042389217	0.09171098	-0.025796033	1.8109078	0.00010624414	6481.805588722229
91	4.343973	1.8844193	8.947037	-0.34443575	1000.0	0.41208184	0.4460839	2.0235136	-0.46575236	3680000	-0.0132087665	-0.0007859953	0.08063545	-0.02062602	1.8172696	0.00022135937	6553.63895201683
92	4.5555167	2.2432625	12.644329	1.2179286	1000.0	0.4518952	0.43542188	1.7323521	-0.3547609	3720000	-0.01363048	-0.00050047133	0.09141131	-0.025176495	1.8093133	0.00031324002	6625.213979959488
93	5.0140257	2.1682432	12.993985	0.17935678	1000.0	0.4530947	0.4074714	1.9075366	-0.43669826	3760000	-0.01457984	-0.00057388283	0.0950729	-0.026295975	1.8152199	0.00033608012	6699.687336206436
94	4.785993	1.8598677	8.3426485	0.38840273	1000.0	0.45588878	0.4036161	1.9514862	-0.35555172	3800000	-0.009286457	-0.0005694637	0.0956212	-0.02553074	1.8207794	0.00027054682	6772.049603462219
95	4.6089044	1.9780002	7.8964314	-0.34662306	1000.0	0.42876533	0.3981464	1.8853651	-0.39319226	3840000	-0.00966064	-0.001178978	0.06928542	-0.019560132	1.816264	0.00055611914	6850.0082993507385
96	5.0552893	2.0044847	9.715475	-0.59015715	1000.0	0.45442495	0.38428372	1.7867852	-0.40806022	3880000	-0.014068027	-0.00061449874	0.08128983	-0.014631197	1.8186668	0.00060141104	6922.533015012741
97	4.414876	2.576177	10.926658	0.005736328	1000.0	0.43300986	0.37018803	1.7439184	-0.4487856	3920000	-0.00790242	-0.0012713643	0.08688357	-0.020328686	1.8087485	0.0008184368	6997.394730806351
98	5.4113493	2.085651	9.656601	1.0029463	1000.0	0.46075583	0.38097355	1.9063051	-0.33281538	3960000	-0.0092902435	-0.00058286916	0.08336897	-0.02063997	1.8136041	0.00074539846	7070.269549846649
99	6.172406	2.108884	10.64679	2.6317408	1000.0	0.52630633	0.3737987	1.8596739	-0.28475642	4000000	-0.011917429	-0.0015487028	0.100466125	-0.024363473	1.8233397	0.0009821771	7144.74737405777
100	6.0940547	2.4334118	10.480107	-0.66616917	1000.0	0.55018663	0.3807047	2.0144854	-0.27579084	4040000	-0.018220084	-0.00075693615	0.090347275	-0.024112776	1.8245867	0.0007483339	7217.983382225037
101	6.660239	1.8627889	10.709929	2.1767251	1000.0	0.60569817	0.38171005	2.2511306	-0.33187854	4080000	-0.010473129	-0.0010602009	0.11556768	-0.029794544	1.8142287	0.00061083713	7289.2602479457855
102	6.643321	2.1198225	11.375771	2.3905668	1000.0	0.6027891	0.3606959	1.898373	-0.22183952	4120000	-0.0124678975	-0.0013648374	0.08396957	-0.019729227	1.8149136	0.0011527819	7366.57487821579
103	6.448056	1.9116536	10.602006	1.4671828	1000.0	0.59257776	0.34579265	1.9827542	-0.19677955	4160000	-0.013052144	-0.001024737	0.093794316	-0.024629995	1.8156598	0.000804556	7441.498035430908
104	6.499324	1.7900554	10.512396	2.8904386	1000.0	0.56132454	0.33222347	2.0478916	-0.33413577	4200000	-0.022447933	-0.0010940749	0.10009089	-0.026733056	1.8014354	0.00055286015	7517.875154972076
105	6.574735	2.420279	13.217871	0.7103113	1000.0	0.59827244	0.30576542	2.0211856	-0.13128112	4240000	-0.028171271	-0.00141	0.09229008	-0.01828169	1.812041	0.0004381379	7592.179657459259
106	6.880347	1.7003746	11.556882	1.9716513	1000.0	0.6114482	0.31035423	2.0309148	-0.16791452	4280000	-0.03178035	-0.0015022494	0.0944533	-0.019811586	1.8073094	0.0004617239	7658.194445848465
107	7.4179764	1.8657695	11.12542	2.7387373	1000.0	0.6723375	0.2974842	1.9837805	-0.1749667	4320000	-0.022640545	-0.0016588792	0.10909597	-0.022778772	1.8146027	0.00033353214	7729.462111711502
108	7.5279007	1.8264755	11.743039	1.4273603	1000.0	0.64002424	0.31427252	1.9844637	-0.15724286	4360000	-0.015197391	-0.0016513038	0.10100526	-0.021802418	1.8159064	0.0006151298	7800.94193148613
109	8.058439	1.7316418	11.220363	4.538207	1000.0	0.7260951	0.3051826	1.7494525	-0.08690779	4400000	-0.012654568	-0.0016070437	0.088534266	-0.015857264	1.8052082	0.00012934676	7871.365412712097
110	8.8496895	1.7419128	13.3095875	4.6275024	1000.0	0.77434796	0.31583807	2.178624	-0.13925683	4440000	-0.022100888	-0.0015988927	0.12563246	-0.024132319	1.8055041	0.00017782176	7947.888862609863
111	8.322049	2.1080413	13.451718	2.7107148	1000.0	0.7843056	0.32369053	2.04561	-0.065315425	4480000	-0.029280316	-0.0019915216	0.109618455	-0.018303655	1.8015513	0.00036422443	8023.387979507446
112	9.107679	1.463178	12.264215	6.7182226	1000.0	0.76682043	0.31888476	1.9280828	-0.07050358	4520000	-0.017435845	-0.0022708438	0.11994131	-0.02557318	1.8093535	0.0007645785	8098.186164855957
113	9.608024	2.0284564	13.857136	4.444258	1000.0	0.873522	0.33113933	2.082735	-0.023460329	4560000	-0.030022131	-0.0013726335	0.1315647	-0.023250006	1.8046823	0.0005535197	8171.613885641098
114	9.665294	2.0907893	14.16005	5.6075664	1000.0	0.8736083	0.34613168	2.1391394	0.048567366	4600000	-0.026420025	-0.0014551431	0.12500034	-0.01884678	1.8013678	0.00050698733	8243.73242521286
115	10.122763	1.5393449	14.469529	6.3794017	1000.0	0.89824235	0.35726705	2.1105535	-0.008846868	4640000	-0.023930334	-0.0010143928	0.12496992	-0.019905038	1.8117926	0.0003832101	8319.02975487709
116	9.836314	1.6752948	13.278156	6.713181	1000.0	0.91387147	0.3245364	1.8899639	0.007970773	4680000	-0.01711019	-0.0011472628	0.116573535	-0.02209773	1.801468	0.00021023731	8393.444770336151
117	10.186051	1.9482368	14.188918	5.883495	1000.0	0.92163986	0.3432445	2.217864	0.050325975	4720000	-0.013782774	-0.0015042862	0.14856626	-0.030926146	1.8027989	0.0007682514	8465.516120672226
118	10.817694	1.6904978	14.711733	7.771554	1000.0	0.9567438	0.36053497	2.181002	-0.07999253	4760000	-0.019318275	-0.0021145977	0.14293991	-0.028301015	1.8067933	0.0012452459	8540.45441532135
119	11.263796	2.024297	15.823303	6.065537	1000.0	0.98914033	0.33543473	2.0967004	0.013611689	4800000	-0.022358641	-0.0012278762	0.15194394	-0.02921775	1.7993864	0.00090598554	8613.945145606995
120	11.2961645	1.9647214	16.419827	7.964297	1000.0	1.031836	0.3450601	2.1237001	0.088753924	4840000	-0.021263033	-0.0011359546	0.14396282	-0.023582868	1.80094	0.00047140103	8690.583848953247
121	11.472551	1.8548033	15.607003	8.4296875	1000.0	1.0472636	0.34326616	2.1125255	0.06149686	4880000	-0.014212049	-0.0017463444	0.16097912	-0.028249338	1.8019347	0.00031312968	8760.968688249588
122	11.69729	2.0205543	15.069295	6.6602583	1000.0	1.0543469	0.366914	2.3728118	0.10006554	4920000	-0.02974057	-0.0015420113	0.14622247	-0.02767279	1.8003122	0.00054431707	8834.295881271362
123	11.827625	2.2608783	15.6189	4.333148	1000.0	1.0653087	0.3688385	2.2058654	-0.037057478	4960000	-0.027507313	-0.0008955747	0.15360685	-0.028115183	1.7937984	0.00053467316	8912.51936340332
124	11.82626	2.365432	16.392286	5.1206603	1000.0	1.0903009	0.3632311	2.094048	-0.052687008	5000000	-0.021140186	-0.0009649005	0.17382343	-0.034654588	1.7900145	0.0005360736	8986.559765815735
125	12.520914	2.166206	18.030045	7.8450093	1000.0	1.0970606	0.357128	2.257126	-0.43096516	5040000	-0.02172446	-0.0011742096	0.18577029	-0.03701192	1.7986875	0.00059913704	9063.690623044968
126	12.114874	2.4066913	16.146715	5.6672363	1000.0	1.1236669	0.3673861	2.547627	0.031096116	5080000	-0.026222363	-0.0010750499	0.16197549	-0.033983856	1.7896398	0.00052149047	9143.835199832916
127	12.7970295	1.6705557	17.999678	8.779567	1000.0	1.1288117	0.35971004	2.348596	-0.08386296	5120000	-0.023111623	-0.0008600708	0.17933993	-0.035095066	1.7966465	0.0007953518	9221.730901241302
128	12.327583	2.5979574	15.883192	4.5097313	1000.0	1.1515356	0.37455532	2.3980196	0.014521588	5160000	-0.02039444	-0.0010097101	0.19158648	-0.037550107	1.7889715	0.00047348262	9298.698551416397
129	12.322713	1.7666546	15.67337	9.135564	1000.0	1.1447787	0.39077246	2.6297913	0.03321806	5200000	-0.013739719	-0.0011080075	0.1616864	-0.04026807	1.799059	0.00068414724	9374.965820789337
130	13.011106	2.564704	16.525398	4.6428576	1000.0	1.1479894	0.35648385	2.403214	-0.1630471	5240000	-0.014864768	-0.00097015966	0.18316709	-0.04306768	1.7971059	0.00042459765	9450.995495319366
131	14.050588	2.0604587	17.821281	9.931434	1000.0	1.2402731	0.36494893	2.342619	-0.10102915	5280000	-0.015760975	-0.0019231588	0.19180079	-0.033178136	1.7881199	0.0006736995	9531.449899196625
132	13.740694	1.978036	17.81758	9.030874	1000.0	1.2698727	0.3870491	2.5589535	0.011431344	5320000	-0.015154642	-0.0010953089	0.18519583	-0.03550467	1.7921308	0.0006298167	9611.097930192947
133	13.994901	2.0896485	17.749668	9.138074	1000.0	1.2754169	0.34954756	2.5230048	0.23040757	5360000	-0.01504803	-0.0005363971	0.19422673	-0.0387768	1.7888192	0.00035045994	9689.457745552063
134	14.552879	2.2415879	18.827477	5.62802	1000.0	1.3078065	0.39256263	2.489518	-0.01427808	5400000	-0.017532099	-0.001072716	0.21273962	-0.040250137	1.7922113	0.0006154967	9763.190997600555
135	13.949942	2.083703	19.437416	8.864371	1000.0	1.2987418	0.4033747	2.470405	-0.37477303	5440000	-0.013118527	-0.0006631287	0.19581737	-0.039813027	1.7945516	0.00016241484	9842.064004182816
136	13.927713	2.0189095	18.908848	10.206603	1000.0	1.2586738	0.40270925	2.660393	-0.5239871	5480000	-0.011864191	-0.001187372	0.23444924	-0.060395256	1.792109	0.00091289234	9920.371632099152
137	14.496801	2.6314301	19.357296	6.3915544	1000.0	1.301566	0.37830117	2.5552304	-0.2872162	5520000	-0.010964527	-0.0010044416	0.22870924	-0.05213201	1.7899402	0.0010385684	9996.351683616638
138	14.868281	2.1538084	20.552664	10.842629	1000.0	1.3423337	0.3774448	2.7525454	0.06814421	5560000	-0.015607397	-0.00061486196	0.20916289	-0.035157084	1.7865648	0.00095693686	10071.764597892761
139	15.62468	1.883015	21.755846	12.824148	1000.0	1.4028426	0.357332	2.809681	0.17240795	5600000	-0.012230661	-0.0012650732	0.22358435	-0.039625168	1.7845175	0.0015983204	10151.31954073906
140	14.921524	2.2460706	19.63239	7.7419863	1000.0	1.4007957	0.35402343	2.5634677	0.21889147	5640000	-0.033471394	-0.00069923326	0.21319841	-0.039364055	1.7879097	0.000644051	10231.384131908417
141	14.961594	2.2927775	18.629898	6.247356	1000.0	1.3712933	0.37861377	2.8523586	0.24140902	5680000	-0.010044965	-0.00077571254	0.22299443	-0.03628762	1.7886345	0.0006990827	10300.586107254028
142	15.582029	2.4564238	21.445879	10.406693	1000.0	1.3959863	0.3679591	2.735956	-0.12413904	5720000	-0.008336464	-0.0007427959	0.22623628	-0.039292023	1.7879031	0.0008420391	10379.91772031784
143	14.991254	2.517406	19.93539	7.821053	1000.0	1.3747048	0.41653368	2.6283722	0.025208335	5760000	-0.013469234	-0.0011216393	0.2382627	-0.041249394	1.7819451	0.0011257557	10454.961272716522
144	15.696704	1.9448557	21.15986	10.579063	1000.0	1.4065058	0.38707912	2.7545233	0.077224955	5800000	-0.019015577	-0.0010683555	0.225673	-0.04628943	1.7836761	0.0012906977	10530.59233880043
145	15.8284	1.9125097	18.886145	10.754488	1000.0	1.4422212	0.3463031	2.6422012	0.15382874	5840000	-0.017906176	-0.0007693209	0.22166826	-0.038483784	1.7816805	0.0014578929	10595.395515918732
146	16.113491	1.7565264	20.728834	12.306139	1000.0	1.4697587	0.36788848	2.7540102	0.32862088	5880000	-0.010813114	-0.00081864186	0.24347886	-0.0339735	1.785173	0.0021461814	10659.96502327919
147	15.928167	2.0179367	19.113148	10.105451	1000.0	1.4701275	0.36990967	2.6182013	0.18199496	5920000	-0.015082185	-0.0002111299	0.22796115	-0.0375811	1.7791803	0.0007324683	10724.618656396866
148	15.975159	2.470274	22.626482	9.112059	1000.0	1.4439147	0.37884682	2.6250057	0.059626933	5960000	-0.021675395	-0.00085121393	0.23120698	-0.046591535	1.7901648	0.00033784527	10789.059365272522
149	16.346485	2.1647499	21.932344	11.962099	1000.0	1.4931215	0.39109462	3.0177124	-0.13701892	6000000	-0.0068506156	-0.00087090395	0.2293936	-0.038934946	1.7781488	0.0010285472	10854.171888828278
150	16.192776	2.2194529	19.493265	9.12964	1000.0	1.4841112	0.38160554	2.7000227	-0.36032787	6040000	-0.008828369	-0.00069492403	0.22729273	-0.05166024	1.7718809	0.0017947762	10918.821657180786
151	16.61181	2.0119824	21.209515	9.617378	1000.0	1.4974114	0.38663805	2.98199	-0.004800327	6080000	-0.013810452	-0.00094679464	0.24533536	-0.04401505	1.7854555	0.0021262153	10983.594641685486
152	16.869934	1.9485837	20.887817	12.621062	1000.0	1.5103472	0.38132006	2.634975	0.04981327	6120000	-0.010257449	6.696209e-05	0.23698314	-0.04905194	1.7827883	0.00031498476	11048.275641918182
153	17.013895	2.8174262	22.574652	10.423782	1000.0	1.5383347	0.36685777	2.772893	0.07332569	6160000	-0.008608294	-0.00020484347	0.2601754	-0.041818723	1.7817379	0.0003548893	11113.012431144714
154	17.013062	1.31236	18.832361	13.745994	1000.0	1.5732884	0.37201765	2.8461058	0.060687102	6200000	-0.011367543	-0.0001504384	0.23884816	-0.036546916	1.7872901	0.00028465694	11177.562076091766
155	16.41265	2.7175963	22.12581	9.608325	1000.0	1.5438584	0.3531044	2.6168966	0.34414148	6240000	-0.0042822966	-0.0006269715	0.23989516	-0.04992646	1.7758088	0.00070638297	11242.16403889656
156	16.593166	1.6587512	20.05934	12.347606	1000.0	1.5104206	0.35211092	2.8173952	0.06267212	6280000	-0.00082170794	-0.0005748802	0.22990479	-0.03774193	1.7845061	0.0005884111	11306.68438911438
157	17.056784	1.8382417	20.498379	11.910057	1000.0	1.5325456	0.3508236	2.8138955	-0.06448586	6320000	-0.01148898	-0.0004380867	0.24640425	-0.036523208	1.772759	0.00069606525	11374.999109506607
158	17.200642	1.8660474	20.55907	12.868101	1000.0	1.5667025	0.36484978	2.8841634	0.36059248	6360000	-0.0042000418	-0.00051732454	0.2349683	-0.03136404	1.7901192	0.001194481	11439.620907068253
159	17.452454	1.9114612	22.33183	13.049723	1000.0	1.5913724	0.34913495	2.61556	0.39467618	6400000	-0.0054795938	-0.00011483999	0.23637402	-0.039873004	1.7769406	0.0006530265	11504.086726427078
160	16.990667	1.7065063	20.37938	12.916315	1000.0	1.582808	0.35685366	2.6502297	0.021215945	6440000	-0.009858485	-0.00020113587	0.23198818	-0.044337302	1.7835437	0.00036557918	11569.552642345428
161	16.586319	2.2002537	21.537918	11.54008	1000.0	1.5431802	0.36183563	2.6820467	0.0332244	6480000	-0.010670082	-0.00021418277	0.270611	-0.056506038	1.7782502	0.0002256273	11634.586740493774
162	17.716335	2.2673233	23.13084	13.487768	1000.0	1.5457344	0.35220888	2.71607	0.04225206	6520000	-0.016253725	-0.0005024951	0.269706	-0.053572223	1.7883493	0.00021394565	11699.055896520615
163	17.37281	2.2302423	22.474096	12.18475	1000.0	1.6115212	0.37486747	2.905803	0.16858535	6560000	-0.009736152	-0.0007065376	0.27362168	-0.051097438	1.7825254	0.0005606897	11763.588267326355
164	17.600977	1.8472947	24.74309	13.834266	1000.0	1.5891382	0.36073595	2.7356234	0.224612	6600000	-0.01699638	-0.0005449988	0.23942819	-0.033402503	1.7800015	0.0013201673	11828.272249221802
165	17.413357	1.9458234	21.776878	10.737578	1000.0	1.6200312	0.3421469	2.7507555	0.3553182	6640000	-0.013415912	-0.00024218764	0.24147427	-0.048864186	1.7745239	0.00039112475	11892.94433426857
166	18.282446	1.7996783	22.860176	15.008084	1000.0	1.6069322	0.33975178	2.7383692	-0.5294137	6680000	-0.015793433	-0.00051945634	0.24669917	-0.03838618	1.7765801	0.0009978942	11957.458709001541
167	17.883085	1.784196	20.444822	12.376959	1000.0	1.6711062	0.34118804	2.8050737	0.48241365	6720000	-0.005987172	-0.00032245554	0.24615425	-0.03459409	1.7828312	0.0008330124	12023.283147573471
168	17.685658	1.5385854	20.841951	13.315398	1000.0	1.6505008	0.35258025	2.8085017	0.008964103	6760000	-0.016466336	-0.00020247698	0.24235317	-0.03375645	1.7777957	0.0005790834	12089.523867845535
169	17.788795	1.8177121	21.690945	14.052401	1000.0	1.5984488	0.34936333	2.8345056	0.4102714	6800000	-0.0076047303	-0.00022235513	0.2234691	-0.030812725	1.7682049	0.00019142214	12156.589178562164
170	17.785923	1.7441305	21.61681	14.273033	1000.0	1.632629	0.34380805	2.6186123	0.28995124	6840000	-0.003594973	-6.0321065e-05	0.21240488	-0.027337417	1.7672437	0.000106737956	12222.026283740997
171	17.641888	1.9308407	22.242535	11.583052	1000.0	1.6275803	0.33452848	2.7290888	0.4124679	6880000	-0.01082825	-0.0002593398	0.23687342	-0.034722254	1.7733066	0.00010520632	12286.824437618256
172	17.878464	1.4227864	21.156126	14.842893	1000.0	1.6328278	0.3261127	2.7215977	0.3449368	6920000	-0.011246724	-0.00017981231	0.23661563	-0.03468874	1.7734703	0.00020428853	12351.337502241135
173	17.77953	1.9189557	22.43099	14.1919775	1000.0	1.6309242	0.32786483	3.008055	0.5137574	6960000	-0.006455762	-0.00072837947	0.23656967	-0.034702003	1.772803	0.00059179333	12415.952667236328
174	18.29887	2.1442661	23.081593	13.864394	1000.0	1.6182455	0.36066252	3.3277953	0.04495166	7000000	-0.0052205077	-0.00014557876	0.26017398	-0.04069236	1.7677621	0.0005544407	12480.541040182114
175	18.35499	1.7531369	22.950157	14.827163	1000.0	1.6842496	0.3606533	2.9972386	0.26602456	7040000	-0.012069132	-0.00052355696	0.23533882	-0.033882156	1.7684064	0.0010134961	12545.229618549347
176	18.340948	1.8372182	22.377203	14.185318	1000.0	1.6824727	0.33795333	2.6213582	0.32800022	7080000	-0.010665355	-5.5923127e-05	0.24545732	-0.037583247	1.7721535	0.00019817016	12610.82374739647
177	17.898296	2.2059133	22.273153	10.023232	1000.0	1.6509914	0.38576487	2.82416	0.05310288	7120000	-0.0020189164	-0.0004278724	0.23506168	-0.03580223	1.765566	0.00067617703	12676.170045614243
178	17.797157	1.6634171	21.38273	14.758844	1000.0	1.6480172	0.3438543	3.4898632	0.3278885	7160000	-0.0034239076	-0.00025559845	0.23313576	-0.037717223	1.7717656	0.0003274123	12741.164890766144
179	17.99411	1.6816865	21.573296	14.3534975	1000.0	1.6362433	0.3197252	2.8090572	0.33367062	7200000	-0.011276058	-0.000533157	0.23089848	-0.030480474	1.7656863	0.0003637206	12807.03380560875
180	17.476748	1.318367	20.621874	14.890806	1000.0	1.6389035	0.32230026	2.7590623	0.568515	7240000	-0.008266632	-0.00017176755	0.21326831	-0.027458489	1.7770803	0.00044070496	12871.708133220673
181	18.28368	1.5620292	21.302729	14.692804	1000.0	1.6108245	0.31234112	2.9432096	0.40553316	7280000	-0.012301472	-0.0005393727	0.22982351	-0.029465735	1.7673324	0.0013946523	12936.500685930252
182	18.202465	1.3476508	21.362694	15.903173	1000.0	1.69254	0.33680737	3.0093608	0.5227171	7320000	-0.003945124	-0.00023562135	0.21593618	-0.026266634	1.7672832	0.0004899479	13001.123685836792
183	18.461258	2.0045445	22.694874	13.263075	1000.0	1.6724538	0.34653884	2.7635128	0.21298388	7360000	-0.00089018705	-0.0008092926	0.22757539	-0.027963921	1.7762139	0.0020160743	13065.862951040268
184	18.426947	1.3640848	21.137638	15.388369	1000.0	1.6967754	0.34261417	2.7639346	0.32328892	7400000	-0.0092854705	-0.00021266658	0.23670362	-0.03099297	1.7759668	0.0017173351	13130.548192977905
185	17.798275	2.2066867	22.089346	10.356742	1000.0	1.6689639	0.33670935	2.9859204	0.31791478	7440000	-0.014771222	4.2922795e-05	0.23950273	-0.037664697	1.7660992	0.000512145	13195.380901575089
186	18.261208	2.0938268	22.48028	14.681878	1000.0	1.630353	0.34157252	2.78465	0.20941088	7480000	-0.0022382538	-0.00062555075	0.26342252	-0.044833064	1.7689193	0.00028816238	13260.349471092224
187	18.073235	1.8088589	21.521566	12.3441	1000.0	1.6636125	0.38775522	2.8051097	0.21260019	7520000	-0.009553088	-0.00036364142	0.25860825	-0.040352926	1.766542	0.0005532847	13324.933817625046
188	18.8432	1.9491556	22.398125	13.333614	1000.0	1.6707433	0.35513192	3.0001683	0.27328885	7560000	-0.0069927336	-0.000544881	0.24475434	-0.037224993	1.7746922	0.0014446398	13389.64320898056
189	18.139536	1.3743436	21.304655	14.792701	1000.0	1.7159601	0.3505599	2.8632846	0.1584392	7600000	-0.013252184	0.00013524853	0.23059966	-0.03463018	1.7713724	0.0001678237	13456.207532644272
190	18.79859	1.6835428	21.943521	15.384583	1000.0	1.668852	0.3232267	2.681478	0.22937626	7640000	-0.0049442807	-0.00039419392	0.23449238	-0.030812487	1.7630328	0.0008610317	13519.770623207092
191	18.77232	1.8297658	22.538153	14.891885	1000.0	1.7214912	0.35606936	3.1876583	0.26559177	7680000	-0.012065672	-6.278977e-05	0.24575958	-0.037987024	1.7673882	0.00026940028	13584.364076852798
192	18.791485	2.1338348	22.675959	13.02125	1000.0	1.7162321	0.3531837	3.0077472	0.39099488	7720000	-0.008984148	-0.00020286441	0.2504306	-0.03353633	1.7704352	9.873039e-05	13648.92674279213
193	19.103271	1.3105819	22.929333	16.519772	1000.0	1.7381562	0.33219227	3.0184143	0.3311463	7760000	-0.016420595	-0.00037635677	0.22570743	-0.03131336	1.7651863	0.0007931386	13717.083443164825
194	19.401993	1.6756543	22.942337	15.346628	1000.0	1.7703719	0.32288095	3.0234513	0.32891145	7800000	-0.008540283	-2.213195e-05	0.21907009	-0.029461637	1.7651839	0.0004909481	13784.818862438202
195	19.07609	1.7943118	22.840826	15.543746	1000.0	1.766976	0.35873297	2.944003	0.25587082	7840000	-0.00068720855	-0.000117418705	0.24798603	-0.040434763	1.7608082	3.314495e-07	13851.043778181076
196	18.493853	1.6733973	21.944998	15.774317	1000.0	1.7266746	0.3379206	2.9985774	0.46794686	7880000	-0.010766292	-0.00021445937	0.21734345	-0.02647312	1.7732711	4.0054874e-05	13919.19620847702
197	18.513966	1.9699683	24.10042	14.355632	1000.0	1.7092738	0.32818618	2.7650647	0.42508447	7920000	-0.008966633	-0.00027960446	0.24968545	-0.045112252	1.7616937	0.00045072907	13984.137208461761
198	19.001995	1.534993	22.550049	15.894281	1000.0	1.7079701	0.32969815	2.725777	0.108839095	7960000	-0.0022161286	-4.372024e-05	0.2602406	-0.039018124	1.7635957	1.4474914e-06	14048.499202489853
199	18.617514	1.51009	21.691797	15.685822	1000.0	1.7348785	0.34982154	3.0983732	0.5046831	8000000	-0.008971185	-8.291006e-05	0.23893169	-0.03868833	1.7737213	9.72334e-05	14115.437213420868
200	19.256098	1.4955077	22.133892	15.841835	1000.0	1.7264435	0.31763238	3.0429323	0.12716809	8040000	-0.016686471	-0.00010268204	0.26333672	-0.038228422	1.7679511	5.0617742e-05	14183.813708782196
201	18.453903	1.9985701	22.47904	13.208984	1000.0	1.7267642	0.35820544	3.0148091	0.01373934	8080000	-0.010524696	-0.00026255287	0.24008623	-0.03893742	1.7705191	0.00018692989	14250.322383880615
202	19.23471	1.5955321	22.399334	16.252096	1000.0	1.7147672	0.32237473	3.1066523	0.4353719	8120000	-0.010237402	-0.00039185025	0.24082465	-0.03588228	1.769827	0.0005905144	14314.88235783577
203	18.830723	1.6787044	23.382616	15.584839	1000.0	1.7460551	0.33881888	2.9884846	0.64372355	8160000	-0.011096785	-0.00014886912	0.22474912	-0.029019162	1.7553781	0.00036787638	14385.946651935577
204	18.82253	1.5887623	22.463345	14.912843	1000.0	1.7295157	0.3302794	2.897258	0.5274692	8200000	-0.0061536287	-8.0459286e-05	0.22841012	-0.03005454	1.7641988	0.00014978941	14458.771091222763
205	19.52854	1.617349	24.02694	16.28589	1000.0	1.7372029	0.31562284	2.67245	0.42052352	8240000	-0.007779576	-0.00014369376	0.27245572	-0.045204356	1.762802	-4.107141e-05	14529.623674154282
206	18.702188	1.5851564	21.62534	14.230673	1000.0	1.7571863	0.35557055	3.4870553	0.5551919	8280000	-0.0020641147	-0.0003241517	0.24649893	-0.044610962	1.7587811	0.00040981904	14603.35199046135
207	19.582447	2.1475935	22.73648	10.70803	1000.0	1.7473077	0.34151968	2.954381	0.49372625	8320000	-0.0055699144	-0.000345123	0.24963418	-0.037423804	1.7664856	0.0009888551	14674.401138544083
208	18.998829	1.6844352	23.111834	15.263452	1000.0	1.787457	0.3486465	3.039822	0.33230564	8360000	-0.013513072	2.0083971e-05	0.24026297	-0.044148058	1.7662432	0.00020472305	14739.126624584198
209	18.921307	1.829746	22.85966	15.441799	1000.0	1.732536	0.3586278	2.9532406	-0.4089181	8400000	-0.010370623	-0.0002497835	0.24879394	-0.0420492	1.7603289	4.9880666e-05	14805.392836093903
210	18.590305	2.2105594	22.640326	9.478071	1000.0	1.7323158	0.3628509	2.768237	0.21860583	8440000	-0.0125176525	-0.00052279513	0.261511	-0.041748643	1.7636058	0.0002774788	14870.113161563873
211	18.834347	2.4203901	24.065529	10.362042	1000.0	1.6833147	0.3638126	3.0000727	0.08640957	8480000	-0.006236994	-0.00060329214	0.242725	-0.040719047	1.7571594	0.0011481222	14939.689193487167
212	19.444971	1.9870262	23.75749	16.145594	1000.0	1.7687469	0.353012	3.3209012	0.15486789	8520000	-0.013360882	-0.00026729796	0.2590151	-0.045508444	1.7566184	0.0014515078	15005.295432806015
213	19.519196	1.6081969	22.314629	15.126314	1000.0	1.7753068	0.33184674	3.016092	0.4165311	8560000	-0.006777012	0.00012520654	0.23978043	-0.029577807	1.7655326	-9.563926e-06	15070.257208824158
214	19.4911	1.9280357	22.37951	13.112563	1000.0	1.7797937	0.3796261	2.8697827	0.050305776	8600000	-0.00076300965	-0.00012863311	0.26034713	-0.03862965	1.7575535	8.049602e-05	15133.54461312294
215	19.380274	1.4334427	22.670322	16.419613	1000.0	1.7940414	0.33262712	2.9284875	0.4781737	8640000	-0.0014489216	-0.00017481041	0.24410266	-0.039582804	1.7598329	7.280854e-05	15196.91776919365
216	19.107798	1.3026876	21.015963	16.313875	1000.0	1.7631885	0.3475383	2.912803	0.1766646	8680000	-0.0032782909	-0.00017584814	0.26126766	-0.03915575	1.7564894	6.13387e-05	15261.001957893372
217	19.384329	1.3314341	22.878403	16.1981	1000.0	1.7500982	0.32516977	3.3989725	0.60695904	8720000	0.0009504875	-0.000108054315	0.2318048	-0.02667816	1.7567426	-1.6394913e-06	15328.75484418869
218	19.572859	1.5388235	22.737743	16.97483	1000.0	1.7673074	0.33660287	3.030297	0.7206793	8760000	-0.0056055696	-0.00011959812	0.25185692	-0.035324693	1.7571254	0.0001386812	15393.54455780983
219	19.8082	1.6502919	23.322584	15.994492	1000.0	1.7997701	0.34160635	2.8961024	0.4773381	8800000	-0.012669764	-8.5990876e-05	0.24425772	-0.030038863	1.7609968	6.166781e-05	15458.544571399689
220	19.465427	1.4852654	23.96524	16.46168	1000.0	1.8066792	0.33589178	3.1792462	0.5465289	8840000	-0.005751765	-0.00011626724	0.24489687	-0.031475678	1.7586672	4.0424507e-05	15522.872977256775
