Epoch	AverageEpRet	StdEpRet	MaxEpRet	MinEpRet	EpLen	AverageEpCost	StdEpCost	MaxEpCost	MinEpCost	AverageVVals	StdVVals	MaxVVals	MinVVals	TotalEnvInteracts	LossPi	LossV	DeltaLossPi	DeltaLossV	Entropy	KL	ClipFrac	StopIter	Time
0	-0.5363213	0.41375092	-0.044910617	-1.381792	1000.0	0.0	0.0	0.0	0.0	-0.05386178	0.034288716	0.03903545	-0.12822536	8000	3.7252903e-09	0.0077938186	-0.015810769	-0.0035622688	0.9189385	0.011489976	0.134375	99.0	15.652413368225098
1	0.20680086	0.4107216	0.76748186	-0.5847757	1000.0	147.625	127.52935	358.0	0.0	-0.047639556	0.053149432	0.082212806	-0.17487207	16000	1.1175871e-08	0.011346665	-0.019087017	-0.0074713877	0.91201526	0.009160794	0.14375	99.0	30.704025745391846
2	1.5652171	0.76402265	2.8846045	0.6709721	1000.0	106.875	153.72333	410.0	0.0	0.026293468	0.09397225	0.2510322	-0.21634328	24000	-2.2351742e-08	308.26453	-0.01870526	-57.72026	0.9016366	0.008403928	0.114375	99.0	45.850104570388794
3	0.89484924	1.2743762	3.5126173	-0.5255338	1000.0	9.5	16.933695	46.0	0.0	-7.622577	2.587995e-06	-7.622571	-7.6225834	32000	-2.2351742e-08	49.549522	-0.017360874	-37.19075	0.9113718	0.01094555	0.181875	99.0	61.04956579208374
4	0.9853304	1.8622904	5.1345763	-0.95971894	1000.0	75.25	108.28752	338.0	0.0	-1.4958186	3.111882e-07	-1.4958178	-1.4958191	40000	2.2351742e-08	242.83562	-0.018630348	-21.591347	0.91050345	0.0069780885	0.13575	99.0	76.09482002258301
5	0.8473709	0.7959022	2.3995082	-0.23349799	1000.0	30.875	67.844376	207.0	0.0	-6.1681795	1.1241884e-06	-6.1681757	-6.168182	48000	0.0	110.9845	-0.01468166	-10.1310425	0.9203268	0.0048146048	0.1275	99.0	91.37208962440491
6	0.31845176	1.040532	1.6755564	-1.5456306	1000.0	33.625	59.619495	160.0	0.0	-2.9668372	3.3742757e-07	-2.966836	-2.9668381	56000	2.6077032e-08	87.25043	-0.018492082	-0.0069503784	0.93589497	0.00870905	0.148125	99.0	106.37429761886597
7	0.26699215	1.6890965	3.147036	-2.3172135	1000.0	115.125	113.27007	368.0	0.0	-2.8830683	3.4134266e-07	-2.8830671	-2.8830693	64000	-7.450581e-09	398.49493	-0.018688083	-49.664703	0.941487	0.006510671	0.116125	99.0	121.4265353679657
8	0.324741	0.7519887	1.3324362	-0.9408119	1000.0	37.75	99.87711	302.0	0.0	-9.951777	1.4470653e-06	-9.951771	-9.95178	72000	-1.4901161e-08	206.77003	-0.015499592	-31.250832	0.941532	0.0035712896	0.13225001	99.0	136.4631791114807
9	0.08746393	0.68377566	1.1320606	-1.1571915	1000.0	17.25	45.63921	138.0	0.0	-4.356544	6.127172e-07	-4.3565416	-4.356545	80000	1.4901161e-08	66.8871	-0.017399967	-5.7556086	0.95458126	0.0086790845	0.14662501	99.0	151.71296191215515
10	0.6374967	0.9351127	2.2895124	-0.5329717	1000.0	20.0	45.5	139.0	0.0	-1.9509985	2.1623428e-07	-1.9509981	-1.950999	88000	1.4901161e-08	38.673313	-0.015303992	-0.020916939	0.9578279	0.011968909	0.149625	99.0	167.3370316028595
11	-0.2170231	1.4242533	2.018796	-2.0011377	1000.0	24.0	63.49803	192.0	0.0	-1.8056731	2.8913783e-07	-1.8056723	-1.8056732	96000	0.0	63.590942	-0.015216395	-0.2675444	0.9603109	0.0064139552	0.138875	99.0	182.37183165550232
12	0.06479372	1.1833471	2.1467865	-2.0871873	1000.0	8.75	17.137314	51.0	0.0	-2.325913	2.1622607e-07	-2.325912	-2.3259134	104000	0.0	13.758417	-0.016041968	-2.0487556	0.9731813	0.01332825	0.145875	99.0	197.46401691436768
13	-0.8389113	1.2744769	1.7571878	-3.152734	1000.0	3.5	9.26013	28.0	0.0	-0.8866129	1.1747182e-07	-0.88661253	-0.886613	112000	1.4901161e-08	3.708413	-0.013300117	-0.24250942	0.9834108	0.008277402	0.16475001	99.0	212.5814619064331
14	-0.24427187	1.328262	2.3254914	-2.1125505	1000.0	22.25	44.375526	133.0	0.0	-0.39202654	1.1227657e-07	-0.39202628	-0.3920269	120000	2.2351742e-08	65.379326	-0.015096545	-2.345189	1.0020943	0.0054759244	0.140125	99.0	227.64184403419495
15	-0.39295453	1.6139864	1.6507467	-3.113976	1000.0	5.875	15.543789	47.0	0.0	-1.9274253	1.992258e-07	-1.9274246	-1.9274256	128000	-1.1175871e-08	10.407331	-0.014072258	-1.4796481	0.9988308	0.0044700652	0.147	99.0	242.70924353599548
16	-0.051994532	1.1423827	1.8494401	-1.6471915	1000.0	16.875	30.337425	91.0	0.0	-0.710413	9.5520974e-08	-0.7104127	-0.71041316	136000	0.0	26.849623	-0.019151397	-0.57947266	1.0041223	0.0043263836	0.14775	99.0	257.7941954135895
17	-0.3083217	0.9419168	1.3955708	-1.4096112	1000.0	61.125	161.72154	489.0	0.0	-1.470252	1.0562811e-07	-1.4702516	-1.4702523	144000	-1.4901161e-08	282.5462	-0.015512988	-15.863308	1.0063839	1.9860454e-05	0.126	99.0	272.91674757003784
18	-0.67318356	1.8121855	2.624153	-3.3330863	1000.0	0.0	0.0	0.0	0.0	-5.4529276	8.741057e-07	-5.452925	-5.452929	152000	-1.1175871e-07	25.235565	-0.017019853	-24.065338	1.0047475	0.00787336	0.16425	99.0	288.03045201301575
19	0.97115976	2.042311	4.8852525	-2.0769014	1000.0	12.5	22.75412	64.0	0.0	-0.5323664	2.9932423e-07	-0.53236574	-0.5323671	160000	1.6763806e-08	20.71728	-0.018292747	-0.3606515	1.0070839	0.009421566	0.18675	99.0	303.35193967819214
20	-0.4833151	0.7347802	0.5252836	-1.6632793	1000.0	0.0	0.0	0.0	0.0	-1.1335049	2.7014454e-07	-1.1335043	-1.1335055	168000	7.505296e-07	1.0770766	-0.01647205	-1.0269594	1.0059466	0.00577338	0.167375	99.0	318.45104908943176
21	0.31531006	0.53691226	0.9190452	-0.9133682	1000.0	2.75	7.275816	22.0	0.0	-0.1209705	3.055117e-07	-0.120969765	-0.12097118	176000	-7.450581e-09	2.0486743	-0.015829153	-0.014793806	1.0130973	0.0028980318	0.101125	99.0	333.53951144218445
22	0.8114898	1.5180675	2.9265628	-1.7830215	1000.0	16.5	33.0	99.0	0.0	-0.2422218	3.0351694e-07	-0.24222098	-0.24222247	184000	2.6077032e-08	24.611557	-0.018116847	-1.2882166	1.0115925	0.009553995	0.17225	99.0	348.5633931159973
23	-1.0332074	1.7445302	2.160813	-3.668201	1000.0	4.375	11.575162	35.0	0.0	-1.3722434	2.0838623e-07	-1.3722428	-1.3722438	192000	0.0	5.397149	-0.014334917	-0.86891156	1.0423898	0.0071795653	0.1295	99.0	363.61316204071045
24	0.92678225	1.7185727	3.6813638	-2.7796602	1000.0	16.0	34.176014	104.0	0.0	-0.44501233	2.4986699e-07	-0.44501173	-0.44501287	200000	3.7252903e-09	34.637104	-0.013121169	-0.51019585	1.046834	0.01327455	0.176875	99.0	378.71110677719116
25	-0.30960256	2.1717372	5.033568	-2.2118444	1000.0	3.625	9.590849	29.0	0.0	-1.1553999	1.7823683e-07	-1.1553994	-1.1554004	208000	-7.450581e-09	3.8916876	-0.012100406	-0.54247785	1.0866741	0.009584673	0.147	99.0	393.73368287086487
26	-0.53611773	0.7433673	0.60855645	-1.405526	1000.0	3.0	7.937254	24.0	0.0	-0.42240724	2.5401673e-07	-0.42240664	-0.42240787	216000	0.0	2.1186595	-0.010342155	-0.021013156	1.0891069	0.011133444	0.17375	99.0	408.756573677063
27	0.030563504	1.7146729	3.4140143	-2.373518	1000.0	0.0	0.0	0.0	0.0	-0.27790454	2.8178545e-07	-0.27790385	-0.27790523	224000	-9.126961e-08	0.06921424	-0.01923601	-0.062256217	1.1053977	0.014334666	0.1685	99.0	423.9548878669739
28	0.37833703	1.4486713	2.5403438	-1.9308302	1000.0	8.375	22.158167	67.0	0.0	-0.02866322	2.985777e-07	-0.028662462	-0.028663877	232000	1.1175871e-08	12.652305	-0.014874287	-0.34921032	1.0903333	0.005753835	0.13575	99.0	439.2416338920593
29	0.14233312	1.0045366	2.334656	-1.1557308	1000.0	0.0	0.0	0.0	0.0	-0.6202693	2.4107482e-07	-0.6202687	-0.62026983	240000	2.8312206e-07	0.33440673	-0.018341072	-0.31632975	1.0894984	0.014194259	0.18375	99.0	454.336101770401
30	1.0586259	2.9458225	7.812899	-2.9962924	1000.0	24.75	56.62762	173.0	0.0	-0.056048047	3.0194806e-07	-0.05604736	-0.056048688	248000	7.450581e-09	51.164948	-0.014139898	-2.346656	1.0678911	0.003559013	0.165625	99.0	469.47135066986084
31	-0.08741422	1.0256214	1.738819	-1.0999482	1000.0	1.25	3.3071892	10.0	0.0	-1.5940626	1.6435109e-07	-1.5940616	-1.5940629	256000	-4.0978193e-08	2.1437178	-0.01641088	-1.8218158	1.0723249	0.0067509958	0.13187501	99.0	484.5945587158203
32	0.12439279	1.3101537	3.0832767	-1.2113243	1000.0	37.875	100.20783	303.0	0.0	-0.23789743	2.8218213e-07	-0.23789674	-0.23789805	264000	0.0	76.3363	-0.01695013	-3.8576655	1.0744596	0.0053861914	0.1255	99.0	499.635311126709
33	0.57341456	1.6250094	3.9780345	-1.1142763	1000.0	4.0	10.583005	32.0	0.0	-2.2113476	2.4065812e-07	-2.2113466	-2.2113478	272000	-4.8428774e-08	5.424314	-0.014076628	-3.2244685	1.1099609	0.00766888	0.138375	99.0	514.7640600204468
34	0.3040974	1.9745871	4.8620644	-1.9122766	1000.0	57.125	94.225044	284.0	0.0	-0.406827	2.98519e-07	-0.40682632	-0.40682763	280000	2.2351742e-08	83.00603	-0.02045643	-6.071864	1.1245028	0.008884815	0.133875	99.0	529.7809321880341
35	0.54493177	1.2262911	3.0254126	-1.2866596	1000.0	37.875	100.20783	303.0	0.0	-2.8814278	3.2067078e-07	-2.881426	-2.881428	288000	-1.4901161e-08	80.48501	-0.01640793	-0.013427973	1.1146382	0.0051513608	0.141625	99.0	544.8523986339569
36	-0.32304692	0.753521	0.55295396	-1.435881	1000.0	4.0	10.583005	32.0	0.0	-2.7649307	4.8299626e-07	-2.7649288	-2.764931	296000	1.4901161e-08	7.861582	-0.016519453	-5.194116	1.1339941	0.0038275404	0.11925	99.0	559.9286403656006
37	0.32558367	2.1663935	4.529936	-2.9807723	1000.0	0.0	0.0	0.0	0.0	-0.47455126	4.0919753e-07	-0.47455016	-0.47455224	304000	2.2351742e-07	0.2143633	-0.021537684	-0.19105494	1.1434139	0.013770608	0.15887499	99.0	575.0066075325012
38	1.1382719	1.7128335	3.9628763	-1.7228597	1000.0	0.0	0.0	0.0	0.0	-0.03510281	4.379756e-07	-0.035101727	-0.03510371	312000	-1.1175871e-08	0.028853144	-0.019862056	-0.0054318598	1.1201177	0.015532077	0.182	99.0	590.4252953529358
39	0.19069502	0.94907266	2.0824962	-0.83505625	1000.0	3.0	7.937254	24.0	0.0	0.038948838	4.645943e-07	0.03894999	0.038947806	320000	0.0	0.33749622	-0.014458347	-0.016304236	1.0949073	0.006614239	0.14725	99.0	605.4892737865448
40	3.0323527	2.7370546	8.591858	0.3354191	1000.0	15.5	36.010414	110.0	0.0	-0.08912264	4.2470808e-07	-0.08912138	-0.08912361	328000	2.6077032e-08	0.31564137	-0.023665428	-0.127067	1.095105	0.018369539	0.17725	99.0	620.5658357143402
41	2.8396077	2.3872342	6.9744463	-0.89001536	1000.0	12.0	17.755281	51.0	0.0	0.2675847	4.7028712e-07	0.267586	0.2675838	336000	1.0244548e-08	0.16950595	-0.023900934	-0.00021726638	1.0731224	0.016513646	0.17475	99.0	635.6578969955444
42	1.0251942	1.8938819	3.3637743	-2.7721834	1000.0	6.5	17.197384	52.0	0.0	0.28230438	4.6140622e-07	0.28230548	0.2823034	344000	6.7055225e-08	0.11404311	-0.021405611	-0.025038123	1.0584189	0.013581854	0.148125	99.0	650.7196555137634
43	1.2443314	1.1057768	2.5461185	-0.8347641	1000.0	18.625	31.060173	94.0	0.0	0.12471281	4.6289657e-07	0.124714	0.1247118	352000	1.4901161e-08	0.0748578	-0.020126771	-0.0008677393	1.0366807	0.015225128	0.14875	99.0	665.7932848930359
44	2.0675952	2.868022	6.7834144	-1.7729553	1000.0	60.375	96.71729	247.0	0.0	0.09540866	4.7077936e-07	0.09540987	0.09540763	360000	-2.9802322e-08	0.19234088	-0.022309147	-0.010178529	1.0263551	0.016036082	0.170125	99.0	680.9524738788605
45	2.7984676	2.7737103	7.2459283	-0.16244271	1000.0	9.375	24.803919	75.0	0.0	0.1957974	4.907518e-07	0.19579852	0.19579616	368000	1.4901161e-08	5.901647	-0.015721064	-0.23170036	0.99703884	0.0025232316	0.11462501	99.0	696.0907983779907
46	1.47385	2.614366	5.4200287	-2.6140366	1000.0	9.25	15.303186	46.0	0.0	-0.28383753	4.109619e-07	-0.2838364	-0.28383842	376000	0.0	1.4415785	-0.01966241	-0.0119032115	1.0069423	0.011464185	0.17425	99.0	711.1940288543701
47	0.77674943	1.3966609	3.0805442	-1.7556679	1000.0	36.125	48.980705	117.0	0.0	-0.17486013	4.217585e-07	-0.17485903	-0.17486115	384000	1.4901161e-08	0.6378795	-0.022051856	-0.007483527	1.0224961	0.008671863	0.14462501	99.0	726.3402128219604
48	3.9428415	2.2484133	8.004247	0.6510589	1000.0	53.0	126.8503	388.0	0.0	-0.26152772	4.0565192e-07	-0.26152653	-0.2615286	392000	-2.9802322e-08	27.036194	-0.018924393	-0.8825964	1.0281739	0.0058761803	0.1255	99.0	741.4590628147125
49	1.7793134	2.89272	7.417484	-3.1915555	1000.0	59.25	107.79929	303.0	0.0	-1.2037971	3.581664e-07	-1.2037964	-1.203798	400000	0.0	85.55627	-0.015152425	-3.673636	1.050229	-0.00011117477	0.113000005	99.0	756.8550035953522
50	1.8979912	1.5762366	4.7332635	0.18146953	1000.0	15.375	27.680939	78.0	0.0	-3.1190445	4.6194947e-07	-3.1190426	-3.119045	408000	-1.4901161e-08	19.463432	-0.016481832	-3.6647396	1.0586281	0.0061216094	0.15062499	99.0	771.9367210865021
51	1.350697	1.7081099	4.511725	-0.9863984	1000.0	0.0	0.0	0.0	0.0	-1.2114908	1.6715357e-07	-1.2114906	-1.2114912	416000	-4.209578e-07	1.3712023	-0.024056572	-1.28802	1.0742785	0.01421004	0.208125	99.0	786.9755187034607
52	3.4278212	4.9082594	9.489994	-3.358818	1000.0	1.875	4.9607835	15.0	0.0	-0.080422975	2.0174564e-07	-0.08042245	-0.08042374	424000	-1.4901161e-08	0.40595686	-0.013056587	-0.015436366	1.0612038	0.005507564	0.141375	99.0	802.1594843864441
53	2.9160461	3.180326	9.903242	-0.0021737926	1000.0	17.625	28.425066	86.0	0.0	0.04372477	1.9605945e-07	0.04372529	0.043724112	432000	-1.1175871e-08	4.4445243	-0.018579334	-0.19772667	1.0683532	0.006339618	0.128	99.0	817.2326769828796
54	1.3112843	1.4791372	3.1338506	-0.8707875	1000.0	89.375	112.68423	359.0	0.0	-0.40164104	1.5537846e-07	-0.40164065	-0.4016415	440000	-2.0489097e-08	23.959772	-0.023101147	-2.327931	1.0758628	0.0065795644	0.15637499	99.0	832.2963199615479
55	1.127883	2.7697074	4.936643	-3.8656821	1000.0	22.375	23.536873	54.0	0.0	-1.9277307	2.8715584e-07	-1.9277304	-1.9277312	448000	-6.519258e-09	17.12309	-0.020754736	-0.13466549	1.0857801	0.007813764	0.16575	99.0	847.4048414230347
56	1.8600104	2.795038	6.384042	-2.490251	1000.0	3.25	5.651327	14.0	0.0	-1.5598643	1.6284181e-07	-1.5598642	-1.5598646	456000	-3.5390258e-08	2.4347599	-0.01777339	-1.5647538	1.0923051	0.0048951292	0.127	99.0	862.5471789836884
57	2.600533	2.9663625	7.95699	-1.2825556	1000.0	14.625	25.049639	77.0	0.0	-0.3059311	3.63395e-07	-0.30592963	-0.3059322	464000	-1.8626451e-08	5.849589	-0.019098379	-0.1634	1.1000682	0.009548781	0.12025	99.0	877.6493942737579
58	2.4201431	3.3215275	8.665969	-1.7167283	1000.0	6.125	13.439098	41.0	0.0	-0.7118632	6.0312533e-07	-0.7118599	-0.71186465	472000	1.4901161e-08	1.7169445	-0.016754378	-0.18579654	1.1181799	0.0102660395	0.153875	99.0	892.7265124320984
59	1.3340771	1.603951	3.5232365	-0.30284026	1000.0	11.125	21.80847	67.0	0.0	-0.2785672	6.4211685e-07	-0.27856398	-0.2785688	480000	-1.1175871e-08	3.0706663	-0.016950319	-0.006419122	1.1323736	0.010805609	0.1485	99.0	908.577276468277
60	0.7725278	2.0385394	3.04503	-2.7947326	1000.0	49.625	100.81907	312.0	0.0	-0.35906193	8.7835645e-07	-0.35905743	-0.3590642	488000	1.4901161e-08	9.277204	-0.019498423	-0.2288998	1.1549854	0.007756391	0.159875	99.0	923.6087372303009
61	1.082913	2.7929857	6.3838353	-2.5023003	1000.0	7.875	14.286685	40.0	0.0	-0.8390723	9.2283966e-07	-0.8390658	-0.8390739	496000	-1.4901161e-08	2.5151277	-0.015161887	-0.2214458	1.1714616	0.0068886504	0.17025	99.0	938.667934179306
62	2.834505	2.3421164	6.9654627	-0.87694	1000.0	28.125	49.151394	153.0	0.0	-0.3680782	1.1123818e-06	-0.3680757	-0.3680841	504000	2.2351742e-08	7.439261	-0.019453805	-0.09760207	1.1592999	0.0076625925	0.18725	99.0	953.7196617126465
63	3.3528628	2.4733653	7.5297236	0.2439956	1000.0	21.75	29.575117	91.0	0.0	-0.67982996	9.782559e-07	-0.6798276	-0.67983496	512000	0.0	3.7009587	-0.021003	-0.0155822635	1.1553957	0.010232766	0.16	99.0	968.806939125061
64	2.0420592	1.9702513	6.2222137	0.2051182	1000.0	18.625	39.764736	121.0	0.0	-0.55555755	4.4920958e-07	-0.55555636	-0.55555993	520000	2.2351742e-08	5.102958	-0.018096022	-0.0057510287	1.174076	0.0104488125	0.16912499	99.0	983.9834740161896
65	1.6747447	2.5056982	7.176191	-0.8997467	1000.0	41.0	95.17352	292.0	0.0	-0.48011467	1.8953199e-07	-0.48011416	-0.4801154	528000	0.0	5.180898	-0.018502176	-0.036769614	1.1715004	0.010961144	0.19174999	99.0	999.0831067562103
66	1.4832814	2.21074	6.5513744	-0.8119905	1000.0	82.125	209.4579	636.0	0.0	-0.6711234	1.4845176e-07	-0.67112297	-0.67112404	536000	1.4901161e-08	83.8302	-0.017123282	-6.02535	1.1741929	0.00064517884	0.132125	99.0	1014.2634558677673
67	2.9973702	1.6587507	4.976189	0.093882516	1000.0	32.375	29.962215	82.0	0.0	-3.1337378	3.9667327e-07	-3.1337347	-3.1337383	544000	-1.1175871e-08	22.974567	-0.019867003	-0.8063164	1.1770308	0.008610093	0.153375	99.0	1029.3597099781036
68	2.675418	3.357909	6.4826927	-2.729312	1000.0	10.75	18.659782	57.0	0.0	-2.2321866	4.6665528e-07	-2.232183	-2.232187	552000	-1.4901161e-08	10.558718	-0.017085567	-1.8576095	1.1960999	0.0074096555	0.185375	99.0	1044.4284727573395
69	1.3920202	2.273496	6.3016057	-1.9248452	1000.0	7.0	10.234745	29.0	0.0	-0.86280906	8.060964e-08	-0.86280847	-0.8628092	560000	-1.4901161e-08	2.7220197	-0.014650822	-0.1285741	1.2121699	0.004641345	0.13087499	99.0	1059.551171541214
70	2.2037547	2.1828196	5.387795	-1.8069004	1000.0	15.875	20.81128	47.0	0.0	-0.50289273	5.093059e-08	-0.5028925	-0.5028928	568000	-3.7252903e-09	8.385534	-0.01954865	-0.083673716	1.2221951	0.0073711355	0.136125	99.0	1078.4785115718842
71	4.213786	1.3439208	6.2359767	2.152825	1000.0	7.0	9.5	23.0	0.0	-0.7924767	9.891049e-08	-0.79247606	-0.7924768	576000	1.8626451e-09	2.058741	-0.018485025	-0.24082011	1.2354199	0.007570301	0.164375	99.0	1093.6313033103943
72	2.2128665	3.6415296	7.2306304	-4.856814	1000.0	0.0	0.0	0.0	0.0	-0.30241942	3.554013e-08	-0.30241928	-0.3024195	584000	-8.195639e-08	0.21836308	-0.019779608	-0.13533859	1.2357703	0.013833298	0.17087501	99.0	1108.7364590168
73	1.7032444	1.5893677	5.0847735	-0.23907262	1000.0	32.5	57.00658	148.0	0.0	0.06408542	4.069042e-08	0.0640855	0.064085126	592000	-1.4901161e-08	1.8644305	-0.016537085	-0.1111053	1.2177796	0.003791335	0.113625005	99.0	1123.8752164840698
74	2.549409	2.5816689	7.333848	-1.4903272	1000.0	8.25	14.600942	39.0	0.0	-0.26753333	6.4236794e-08	-0.26753318	-0.26753336	600000	-7.450581e-09	0.5138899	-0.018996079	-0.03471697	1.227305	0.011229588	0.157875	99.0	1138.9405806064606
75	2.2855005	3.4565785	10.022554	-3.3091965	1000.0	75.375	98.772385	279.0	0.0	-0.082087815	3.7052033e-08	-0.08208772	-0.08208802	608000	-2.9802322e-08	0.3472112	-0.019222103	-0.065091334	1.2293125	0.010776943	0.16025001	99.0	1154.0400114059448
76	3.1230202	3.2168489	8.258402	-2.9119565	1000.0	23.0	32.611347	99.0	0.0	0.17239876	6.4689104e-08	0.17239888	0.17239833	616000	-3.1664968e-08	13.740053	-0.02276925	-1.0587633	1.198394	0.008942476	0.137875	99.0	1169.2335951328278
77	2.763526	2.8302166	8.560843	-0.22691292	1000.0	45.625	120.7124	365.0	0.0	-0.852639	1.4747032e-07	-0.8526378	-0.8526392	624000	7.450581e-09	95.26789	-0.016969971	-2.63144	1.2175751	0.0031821872	0.1355	99.0	1184.3139119148254
78	1.8134859	4.825879	9.356142	-5.6994376	1000.0	5.75	11.37706	34.0	0.0	-2.4692018	4.146873e-07	-2.4691992	-2.4692023	632000	-5.2154064e-08	6.4729347	-0.014317434	-3.769392	1.2319446	0.007214241	0.147	99.0	1199.4086964130402
79	2.0536332	3.9715567	9.053523	-3.6387086	1000.0	32.25	39.9398	126.0	0.0	-0.5212289	1.8702234e-07	-0.5212276	-0.52122915	640000	3.3527613e-08	23.78463	-0.01916404	-0.89966536	1.216359	0.010697728	0.18225	99.0	1214.466677904129
80	4.1292415	3.5433955	8.336131	-2.4323747	1000.0	71.125	155.50517	478.0	0.0	-1.4733484	2.979815e-07	-1.4733461	-1.4733484	648000	1.4901161e-08	153.85216	-0.019121028	-6.726281	1.2266971	0.012324441	0.171	99.0	1229.896916627884
81	2.628303	2.1845877	6.7771573	-0.15585327	1000.0	4.75	8.466847	23.0	0.0	-4.06793	2.962537e-07	-4.067928	-4.0679307	656000	5.122274e-08	14.370277	-0.016700063	-11.631582	1.2297422	0.009318249	0.18650001	99.0	1245.0477509498596
82	3.4551058	2.866967	7.404281	-1.2743465	1000.0	40.5	58.883358	169.0	0.0	-0.6678441	2.3353499e-07	-0.667842	-0.6678444	664000	3.7252903e-09	49.42828	-0.021227023	-3.7567635	1.2450153	0.010020256	0.16325	99.0	1260.5385761260986
83	3.2327816	4.6241026	12.02779	-5.6838636	1000.0	14.125	27.82282	83.0	0.0	-2.6026645	3.717916e-07	-2.6026616	-2.6026645	672000	2.9802322e-08	19.568766	-0.016894002	-2.9463768	1.2532717	0.0070976336	0.12475	99.0	1276.5461659431458
84	1.6900761	3.6138134	8.434022	-3.5419414	1000.0	3.875	7.944141	24.0	0.0	-0.88814723	2.1978076e-07	-0.88814455	-0.8881474	680000	2.514571e-08	1.9849968	-0.014635072	-0.35117424	1.2665243	0.0063808397	0.15737501	99.0	1291.7121241092682
85	2.8822749	2.094653	6.2832465	-0.64818454	1000.0	56.875	111.64949	343.0	0.0	-0.29724377	1.3443128e-07	-0.2972426	-0.29724392	688000	-3.7252903e-08	99.9644	-0.021725915	-9.795403	1.2769973	0.004573485	0.12612501	99.0	1306.8990683555603
86	3.0949469	3.2848375	7.425797	-2.5852003	1000.0	36.875	49.44299	155.0	0.0	-3.4355836	4.1185902e-07	-3.435582	-3.4355834	696000	3.7252903e-09	48.218857	-0.013876367	-0.5680504	1.2825669	0.009685164	0.175875	99.0	1323.8077957630157
87	3.6360335	2.7093139	6.791689	-1.4399505	1000.0	2.875	7.606535	23.0	0.0	-2.6808379	3.156796e-07	-2.6808362	-2.6808379	704000	-1.1175871e-08	7.0224133	-0.013824351	-5.2383165	1.2852883	0.008710127	0.157125	99.0	1339.4026455879211
88	1.6778177	3.932344	6.760887	-4.2454677	1000.0	7.75	11.098987	31.0	0.0	-0.385222	2.1163557e-07	-0.38522005	-0.38522226	712000	-5.5879354e-09	2.8503752	-0.020350756	-0.0022617579	1.2963818	0.009261004	0.14612499	99.0	1354.5059478282928
89	3.35218	2.506592	8.45579	0.43234873	1000.0	6.375	11.510185	32.0	0.0	-0.33755547	1.6535992e-07	-0.3375544	-0.33755565	720000	-1.8626451e-09	1.6902206	-0.019849626	-0.0018725991	1.311573	0.0071135424	0.16	99.0	1369.7112107276917
90	4.322126	3.108303	9.792367	-0.45091698	1000.0	13.75	16.513252	48.0	0.0	-0.29434618	1.4163395e-07	-0.29434457	-0.2943463	728000	0.0	5.6030293	-0.021041129	-0.04387623	1.3019248	0.0059046205	0.16350001	99.0	1385.0837087631226
91	2.4275818	3.5230694	11.077649	-0.026002044	1000.0	15.75	31.131777	93.0	0.0	-0.5030374	1.4348511e-07	-0.50303626	-0.5030376	736000	1.4901161e-08	8.346565	-0.015497565	-0.054275945	1.3181338	0.0077326517	0.154875	99.0	1400.2738921642303
92	1.32265	2.8435292	6.7803125	-4.1878357	1000.0	28.0	37.426594	92.0	0.0	-0.7348291	1.9481466e-07	-0.73482734	-0.7348293	744000	-3.9115548e-08	11.886305	-0.02263917	-0.18152666	1.3384529	0.00999457	0.14475	99.0	1415.754626750946
93	-0.18235332	2.5786366	2.589928	-5.194278	1000.0	25.75	53.936886	164.0	0.0	-1.158676	2.722308e-07	-1.158674	-1.1586764	752000	2.2351742e-08	12.92405	-0.019463487	-0.006828308	1.3637737	0.0051138676	0.1275	99.0	1430.8435728549957
94	0.9004809	1.3599656	3.471823	-1.1139542	1000.0	40.0	48.58755	150.0	0.0	-1.2409794	2.0091717e-07	-1.2409775	-1.2409796	760000	7.450581e-09	23.822424	-0.019347	-0.4001894	1.3906094	0.006254316	0.136125	99.0	1446.0581984519958
95	-0.044789076	2.1541655	3.1909153	-3.2566528	1000.0	8.0	12.419743	37.0	0.0	-1.8721639	3.5373736e-07	-1.8721623	-1.8721644	768000	-2.9802322e-08	4.146239	-0.01991786	-1.7009716	1.3909776	0.010466852	0.13787499	99.0	1461.216136455536
96	5.2481256	2.8466527	8.332814	0.13770302	1000.0	38.375	46.443344	118.0	0.0	-0.57084095	1.5175938e-07	-0.57083935	-0.57084113	776000	-3.7252903e-09	19.198689	-0.023365434	-0.83648777	1.4129946	0.009378156	0.147125	99.0	1476.304055929184
97	3.2085733	4.3291397	9.633943	-4.578541	1000.0	7.75	15.888282	48.0	0.0	-1.4845134	2.0392281e-07	-1.4845114	-1.4845135	784000	-1.4901161e-08	3.0503151	-0.017978445	-1.2152798	1.422712	0.004532401	0.162625	99.0	1491.6079144477844
98	2.6957011	3.428324	8.894394	-1.6821185	1000.0	7.5	13.143439	34.0	0.0	-0.3824677	1.7600915e-07	-0.382466	-0.38246787	792000	-4.656613e-09	0.966983	-0.018198736	-0.04359594	1.4171408	0.0076010344	0.183125	99.0	1506.7265102863312
99	4.444566	2.1791577	7.8517375	1.601951	1000.0	11.625	27.856497	85.0	0.0	-0.17315476	1.6167357e-07	-0.1731532	-0.17315488	800000	-2.6077032e-08	2.0788207	-0.017057925	-0.028719991	1.4261912	0.015936978	0.16825	99.0	1521.7642276287079
100	4.8238535	3.745241	11.308395	-0.66317767	1000.0	36.25	51.794666	166.0	0.0	-0.002918446	1.750587e-07	-0.0029167412	-0.0029185666	808000	3.7252903e-08	0.5756617	-0.021931186	-0.19697696	1.4200772	0.010184832	0.14324999	99.0	1536.9564800262451
101	4.5375285	3.0029874	10.794733	-0.575008	1000.0	8.5	13.190906	36.0	0.0	0.4432369	1.329197e-07	0.44323802	0.44323677	816000	-2.9802322e-08	0.54511195	-0.019741561	-0.05773703	1.4043556	0.013535831	0.17337501	99.0	1552.1125028133392
102	4.8953657	3.0958815	10.919577	0.2630273	1000.0	36.125	53.501022	145.0	0.0	0.20185207	1.2688767e-07	0.20185329	0.2018519	824000	1.4901161e-08	0.3477051	-0.021636851	-0.06660855	1.3946031	0.016125824	0.163625	99.0	1567.2350771427155
103	2.283056	3.651667	8.952361	-2.5350099	1000.0	3.25	6.3786755	19.0	0.0	0.46057805	1.6744524e-07	0.46057978	0.46057802	832000	-1.4901161e-08	0.2744426	-0.021533936	-0.085313395	1.3785696	0.012741349	0.158625	99.0	1582.3029911518097
104	5.050933	4.0578637	11.794279	1.6054269	1000.0	24.75	31.594105	88.0	0.0	0.16863753	1.4758724e-07	0.16863869	0.16863734	840000	-1.3038516e-08	0.40731025	-0.024506118	-0.0850568	1.3633986	0.014089673	0.14362499	99.0	1597.4600565433502
105	5.9355307	3.2320387	10.312421	1.5134718	1000.0	17.0	15.937377	42.0	0.0	0.45936835	1.375265e-07	0.45936996	0.45936826	848000	1.8626451e-08	0.3048805	-0.018664747	-0.01176478	1.3478208	0.014023488	0.190375	99.0	1612.538843870163
106	6.099	2.0419424	9.836377	3.4719992	1000.0	32.125	32.658985	80.0	0.0	0.5672853	1.2209135e-07	0.56728613	0.5672851	856000	7.450581e-09	0.36029246	-0.0231883	-0.00048330426	1.331353	0.0151726715	0.16075	99.0	1627.6223485469818
107	2.9719062	3.0231013	8.387279	-0.08060521	1000.0	25.625	36.193707	100.0	0.0	0.5891652	1.2152626e-07	0.5891663	0.58916515	864000	1.4901161e-08	1.6668143	-0.021600448	-0.36315835	1.3197643	0.010422872	0.14625	99.0	1642.7231743335724
108	2.7133083	2.2602699	6.2692723	0.24943602	1000.0	13.125	25.206335	78.0	0.0	-0.011329783	1.6237057e-07	-0.011328104	-0.011329944	872000	3.7252903e-09	0.90046155	-0.021077331	-2.4445355e-05	1.3155304	0.013100183	0.19999999	99.0	1658.174535036087
109	3.615575	2.3419676	7.305633	-0.027702868	1000.0	33.5	29.525414	89.0	0.0	-0.0064005833	1.6859137e-07	-0.0063990327	-0.0064008282	880000	3.3527613e-08	0.30471852	-0.018777534	-0.0920229	1.3047845	0.015687987	0.196125	99.0	1673.2312421798706
110	5.396287	3.2963548	10.450726	-0.110983	1000.0	18.125	27.071375	84.0	0.0	0.2976933	1.4364055e-07	0.29769439	0.2976931	888000	-1.3969839e-09	0.64295363	-0.023607846	-0.013768993	1.2901064	0.012728916	0.172875	99.0	1688.3872883319855
111	9.333513	3.6010082	15.061427	4.58218	1000.0	55.0	42.340878	133.0	0.0	0.17978387	1.4882914e-07	0.17978515	0.17978372	896000	-3.7252903e-08	0.6862285	-0.023705095	-0.19892192	1.2834203	0.0137129035	0.18975	99.0	1703.476116657257
112	5.452527	3.5409148	12.971855	0.5641116	1000.0	47.75	57.111187	175.0	0.0	0.6280853	1.2978047e-07	0.6280862	0.62808526	904000	-2.2351742e-08	34.294544	-0.023330854	-3.8526926	1.2764047	0.008438195	0.1415	99.0	1718.5663287639618
113	6.759492	3.5768707	12.605146	1.8548048	1000.0	35.75	56.968742	180.0	0.0	-1.3251387	9.657976e-08	-1.3251377	-1.3251387	912000	-2.6077032e-08	39.141506	-0.01570082	-0.32827473	1.3031143	0.005103852	0.148	99.0	1733.7022788524628
114	5.8369827	4.2615557	14.118185	0.13615705	1000.0	50.0	81.98628	246.0	0.0	-1.8951365	2.2491574e-07	-1.8951355	-1.8951368	920000	3.7252903e-09	75.61092	-0.022087801	-1.3304977	1.306197	0.009240503	0.16600001	99.0	1748.8735966682434
115	3.6732445	3.6111217	8.464217	-2.033898	1000.0	23.25	20.650364	53.0	0.0	-3.0428984	2.2871414e-07	-3.0428975	-3.0428987	928000	-3.7252903e-09	18.9141	-0.021468777	-1.6158333	1.3198385	0.010065589	0.16075	99.0	1764.1761667728424
116	5.8127537	5.042791	12.81125	-5.044012	1000.0	41.625	58.05372	171.0	0.0	-1.7756975	1.1135864e-07	-1.775696	-1.7756976	936000	1.4901161e-08	67.52777	-0.021253295	-1.1219578	1.3359694	0.009857403	0.148875	99.0	1779.2396619319916
117	7.1176505	4.6336665	13.2945175	0.38840598	1000.0	7.625	10.487344	25.0	0.0	-2.8324008	1.273644e-07	-2.8323996	-2.8324008	944000	-5.2154064e-08	9.630595	-0.019035876	-4.7233267	1.3462584	0.010563121	0.15400001	99.0	1794.3750987052917
118	5.5577817	3.1444314	11.444105	1.7931437	1000.0	24.75	35.73776	110.0	0.0	-0.6479503	1.2313446e-07	-0.64794934	-0.6479505	952000	1.1175871e-08	21.068342	-0.024686445	-0.7976568	1.3620638	0.010190834	0.154125	99.0	1809.4369115829468
119	4.4514065	3.7010906	11.300761	-0.40417054	1000.0	30.75	72.71133	222.0	0.0	-1.5457304	2.6047297e-07	-1.5457292	-1.5457304	960000	-2.2351742e-08	65.98148	-0.01652944	-0.24352705	1.3841791	0.0033859436	0.120875	99.0	1824.5078449249268
120	5.9701796	5.4448333	13.32364	-2.0011213	1000.0	27.625	30.557068	81.0	0.0	-2.041429	2.6595964e-07	-2.0414276	-2.041429	968000	1.4901161e-08	21.89196	-0.018957842	-0.03422284	1.4027966	0.012873312	0.17225	99.0	1840.3991994857788
121	7.500147	3.610535	14.617997	2.599476	1000.0	40.625	41.575047	143.0	0.0	-1.856032	2.4959334e-07	-1.8560314	-1.8560324	976000	1.1175871e-08	31.442085	-0.02099922	-0.79525375	1.4163858	0.007298998	0.1495	99.0	1855.4706449508667
122	6.309967	3.407185	12.0962305	0.09325433	1000.0	31.25	37.345516	110.0	0.0	-2.749058	6.9433145e-07	-2.7490582	-2.7490587	984000	2.2155291e-08	37.13812	-0.019123053	-0.13892078	1.4375887	0.007561083	0.13075	99.0	1870.6413488388062
123	6.7016444	5.1129813	17.250977	-0.23646723	1000.0	24.0	34.25274	105.0	0.0	-2.3768175	1.2244367e-07	-2.3768165	-2.3768175	992000	-2.9802322e-08	25.830612	-0.02182426	-0.3882401	1.4618052	0.0070462176	0.160375	99.0	1885.7686502933502
124	5.756021	3.4720557	9.078952	-2.3780005	1000.0	40.625	48.774834	150.0	0.0	-1.7555866	4.5675208e-07	-1.755586	-1.7555871	1000000	1.3038516e-08	63.480564	-0.020506822	-1.5565357	1.479881	0.0049636518	0.136875	99.0	1900.973816871643
125	4.821286	4.9826603	11.08876	-5.1167393	1000.0	47.125	79.956924	255.0	0.0	-3.0019228	4.5402936e-07	-3.0019224	-3.0019233	1008000	0.0	110.002655	-0.018795952	-0.6039996	1.4973689	0.00662844	0.139375	99.0	1916.079260110855
126	6.380053	3.085187	11.804447	0.71988153	1000.0	31.625	62.709522	191.0	0.0	-3.777686	7.256361e-07	-3.7776845	-3.7776854	1016000	-7.450581e-09	69.665054	-0.017678317	-1.3582063	1.5078121	0.006744823	0.14412501	99.0	1931.1364452838898
127	6.1845217	3.6613374	10.9434595	0.21877177	1000.0	35.5	30.108139	78.0	0.0	-2.6128633	2.5491005e-07	-2.6128616	-2.612863	1024000	2.9802322e-08	29.88574	-0.020118669	-0.0800724	1.5253896	0.0031748386	0.14475	99.0	1946.2066464424133
128	5.3853083	6.0522914	14.59142	-3.358853	1000.0	15.125	20.612118	52.0	0.0	-2.894952	6.935686e-08	-2.894951	-2.894952	1032000	2.0489097e-08	19.130404	-0.02007186	-2.2176847	1.519228	0.006523936	0.17362499	99.0	1961.2890360355377
129	6.987758	3.9346054	13.091853	1.4248838	1000.0	19.625	17.936956	55.0	0.0	-1.404459	2.3001138e-07	-1.4044582	-1.4044594	1040000	-6.2864274e-09	16.72457	-0.020120168	-0.010027409	1.5128896	0.008285221	0.16725	99.0	1976.4292180538177
130	4.884602	3.0835364	10.261758	0.7704221	1000.0	20.25	24.792892	69.0	0.0	-1.3044697	1.5586929e-07	-1.3044686	-1.3044697	1048000	-3.7252903e-09	22.77715	-0.021200322	-0.048981667	1.512875	0.008144885	0.15187499	99.0	1991.5776734352112
131	2.0909047	5.3620334	13.785343	-4.2274065	1000.0	11.625	14.602547	39.0	0.0	-1.5248322	1.739598e-07	-1.5248313	-1.5248325	1056000	5.5879354e-09	7.5580378	-0.020475056	-0.3637588	1.5355568	0.008182997	0.152625	99.0	2006.6349039077759
132	1.7731559	4.2922177	6.8526897	-6.8362713	1000.0	7.375	9.860749	24.0	0.0	-0.9247725	2.1872955e-07	-0.92477167	-0.9247728	1064000	1.8626451e-08	3.8319325	-0.018419392	-0.1153388	1.5560627	0.0076176478	0.154125	99.0	2022.0036284923553
133	3.495126	5.231086	12.997702	-6.08859	1000.0	37.625	64.15204	197.0	0.0	-0.58683264	9.18811e-08	-0.5868316	-0.58683276	1072000	0.0	67.631134	-0.015201241	-4.404109	1.5692872	0.0049935835	0.15799999	99.0	2037.0738761425018
134	4.5182395	6.312814	18.439217	-1.5988268	1000.0	5.875	8.752678	23.0	0.0	-2.690285	4.7567346e-07	-2.690285	-2.6902854	1080000	-4.0978193e-08	7.458498	-0.017085562	-4.6910486	1.5703144	0.006229217	0.161375	99.0	2052.1534831523895
135	2.4871187	5.948995	11.884478	-7.0110693	1000.0	5.125	11.783861	36.0	0.0	-0.51546067	7.87086e-08	-0.5154599	-0.5154607	1088000	-1.1175871e-08	3.677123	-0.0148472525	-0.049100026	1.5986184	0.006745483	0.16575	99.0	2067.346043109894
136	3.691856	2.967558	8.74653	-0.34213346	1000.0	3.625	6.2836595	15.0	0.0	-0.2927566	6.6554165e-08	-0.29275605	-0.29275665	1096000	2.7939677e-09	1.0795242	-0.01754819	-0.027207166	1.6181889	0.009076316	0.172125	99.0	2082.521307706833
137	2.960311	4.355421	10.027317	-4.9296303	1000.0	20.0	27.93743	79.0	0.0	-0.1269927	6.992639e-08	-0.12699215	-0.12699278	1104000	0.0	15.9191265	-0.020792931	-1.067832	1.6386328	0.014211054	0.168625	99.0	2097.6191828250885
138	4.550587	2.373502	7.674804	0.09077923	1000.0	18.625	13.369158	35.0	0.0	-1.1653001	1.1006704e-07	-1.1652993	-1.1653001	1112000	-9.313226e-09	8.005153	-0.020569827	-0.0010411739	1.6694698	0.0040816464	0.1805	99.0	2112.694781064987
139	2.9804611	2.714551	6.0532765	-0.48481342	1000.0	7.375	19.512417	59.0	0.0	-1.1329595	7.358217e-08	-1.1329588	-1.1329595	1120000	-2.2351742e-08	5.2359347	-0.013240099	-0.45608395	1.6706836	0.007399695	0.147625	99.0	2127.7537491321564
140	4.618325	4.067724	12.087221	-0.73977405	1000.0	5.625	13.783482	42.0	0.0	-0.45683336	6.489024e-08	-0.45683286	-0.4568334	1128000	-3.7252903e-09	2.2493894	-0.01657889	-0.09831166	1.6978083	0.009926894	0.17774999	99.0	2142.8828570842743
141	3.1455889	6.8152604	12.036385	-5.0203857	1000.0	22.0	44.61782	138.0	0.0	-0.14379764	6.927257e-08	-0.14379694	-0.14379777	1136000	1.4901161e-08	5.3605523	-0.023576792	-0.18024808	1.7062615	0.0108607	0.177875	99.0	2158.019636154175
142	3.6442838	5.2719307	12.152934	-3.6785326	1000.0	32.875	57.94704	153.0	0.0	-0.5666919	7.659835e-08	-0.5666911	-0.56669194	1144000	1.4901161e-08	8.186861	-0.020904228	-0.14026666	1.7142012	0.006061	0.12375	99.0	2173.1706705093384
143	7.483284	4.239469	12.657209	-0.44580692	1000.0	36.375	44.333782	128.0	0.0	-0.93929315	1.8968072e-07	-0.93929285	-0.9392934	1152000	0.0	14.00174	-0.016338766	-0.00017285347	1.7297773	0.007839153	0.19375	99.0	2188.5798172950745
144	4.4464173	3.0480256	9.703613	0.48977777	1000.0	12.375	22.627071	64.0	0.0	-0.9523716	5.9065766e-08	-0.9523709	-0.95237166	1160000	-7.450581e-09	4.2739377	-0.01963181	-0.29566666	1.7209605	0.007532496	0.141875	99.0	2203.7165293693542
145	6.5194407	2.902425	10.766898	2.7411938	1000.0	26.875	25.497242	60.0	0.0	-0.41039655	6.660919e-08	-0.4103958	-0.41039658	1168000	1.4901161e-08	5.3588967	-0.02336689	-0.12280989	1.7378494	0.007701542	0.16775	99.0	2218.7697467803955
146	5.546915	4.8138766	12.861889	-0.21802394	1000.0	0.0	0.0	0.0	0.0	-0.760594	4.8929387e-08	-0.7605934	-0.76059407	1176000	1.5646219e-07	1.1309707	-0.020854533	-0.9330287	1.7590284	0.014260166	0.18862501	99.0	2233.863166332245
147	5.602518	3.909999	12.915578	1.7601924	1000.0	84.75	90.247925	292.0	0.0	0.20344974	6.667729e-08	0.20345041	0.20344968	1184000	-3.7252903e-09	3.9489136	-0.018104956	-0.38327563	1.7364941	0.007694057	0.180375	99.0	2249.0222647190094
148	7.1606994	3.5109236	12.850223	2.6348813	1000.0	46.625	54.740154	157.0	0.0	-0.4151097	7.0619556e-08	-0.4151093	-0.41510978	1192000	0.0	46.152946	-0.022763453	-5.0279655	1.7346734	0.007973723	0.13275	99.0	2264.1406686306
149	5.358361	3.1615825	9.919387	1.1793016	1000.0	13.375	25.014683	76.0	0.0	-2.6596255	2.6577257e-07	-2.6596248	-2.6596253	1200000	1.1175871e-08	16.058048	-0.01736876	-2.9471076	1.7346802	0.0075936904	0.146	99.0	2279.240423679352
150	2.9539955	3.3469334	9.065978	-0.6008627	1000.0	79.625	133.3313	413.0	0.0	-0.9342634	2.9073766e-07	-0.93426317	-0.9342637	1208000	2.9802322e-08	169.994	-0.017894045	-123.22049	1.7480098	0.00458315	0.098375	99.0	2294.384652853012
151	3.0342367	3.6433935	7.847623	-2.6334245	1000.0	20.5	36.190468	96.0	0.0	-0.49784014	1.9975007	1.6700215	-25.068401	1216000	1.1175871e-08	34.12827	-0.020087603	-24.62878	1.7502671	0.010615362	0.15224999	99.0	2309.446259021759
152	4.8696785	4.947833	12.421714	-1.8174965	1000.0	31.375	37.71915	94.0	0.0	-1.156403	3.3616123	0.031143695	-12.663014	1224000	9.313226e-10	44.44047	-0.02458015	-34.7643	1.7511758	0.018228536	0.2145	99.0	2324.5913774967194
153	3.6533709	2.9617558	9.029182	-1.0381472	1000.0	17.0	25.18432	79.0	0.0	-1.5916797	2.8561065	0.1979388	-15.1049595	1232000	-1.1175871e-08	30.848116	-0.022900239	-23.96931	1.7453078	0.018168712	0.182	99.0	2339.6862585544586
154	4.4854383	2.0219939	8.655255	1.1792977	1000.0	38.375	54.60526	153.0	0.0	-2.2751558	3.4232867	0.43141717	-16.477728	1240000	-7.450581e-09	63.093887	-0.024064211	-50.194332	1.7345808	0.013590822	0.185375	99.0	2354.852027654648
155	3.8044467	3.6886837	9.217985	-2.0342524	1000.0	36.125	56.303726	140.0	0.0	-2.6961029	4.946827	2.0417361	-21.918867	1248000	1.4901161e-08	91.59062	-0.02184067	-64.34564	1.727416	0.026532192	0.2765	99.0	2370.3423035144806
156	2.6282043	4.4258776	11.527383	-1.531437	1000.0	47.625	64.14035	192.0	0.0	-1.8137978	4.5219493	0.10693425	-20.485685	1256000	7.450581e-09	134.31273	-0.02163544	-63.992897	1.7256238	0.01428532	0.159375	99.0	2385.4422550201416
157	8.108995	5.215171	17.708242	0.4904343	1000.0	40.25	34.255474	113.0	0.0	-5.5063233	4.1106834	0.09019971	-11.369293	1264000	3.7252903e-09	52.919632	-0.026888002	-17.314564	1.7342396	0.017775506	0.19624999	99.0	2400.633733034134
158	5.5411177	4.412857	10.547503	-2.0065234	1000.0	31.125	33.60594	89.0	0.0	-3.009438	0.0035521048	-2.9715753	-3.036529	1272000	-1.8626451e-09	32.976166	-0.019332366	-11.412922	1.7205503	0.011098457	0.18	99.0	2415.7044014930725
159	5.029792	3.7754376	11.185095	-1.1929145	1000.0	35.25	48.863968	135.0	0.0	-3.1439977	3.0271463	0.10462642	-7.866512	1280000	3.7252903e-09	62.582542	-0.01859858	-41.17483	1.7337837	0.009198181	0.14937499	99.0	2430.807477712631
160	5.604267	5.3352013	14.518149	-0.84115016	1000.0	22.625	27.739582	69.0	0.0	-1.811624	3.864374	1.9837258	-22.646769	1288000	7.450581e-09	29.94841	-0.023481153	-24.70382	1.7194053	0.009632865	0.15474999	99.0	2445.8442351818085
161	0.5930824	1.9211742	4.664719	-2.384451	1000.0	6.875	12.035754	31.0	0.0	-0.537261	1.8153621	0.7548425	-20.281479	1296000	-1.1175871e-08	3.3430917	-0.017474514	-3.1254478	1.6927937	0.019312222	0.18425	99.0	2460.966110944748
162	5.8556337	3.785258	10.532118	-0.76651555	1000.0	33.25	26.066023	83.0	0.0	-1.0032517	2.427349	0.25693125	-20.58006	1304000	0.0	26.884808	-0.023361854	-18.728569	1.6721144	0.01262671	0.181375	99.0	2476.0566976070404
163	3.5727453	4.947616	9.278088	-3.255014	1000.0	12.25	16.482946	39.0	0.0	-1.8055118	3.2379029	-0.7798417	-23.40421	1312000	5.5879354e-09	18.157305	-0.023823002	-9.350647	1.6700087	0.024059916	0.25075	99.0	2491.1498188972473
164	3.6795506	3.034046	7.054177	-2.8592498	1000.0	18.0	24.114311	69.0	0.0	-1.1207113	0.0009660684	-1.1149789	-1.122846	1320000	-1.1175871e-08	13.897318	-0.019852165	-0.04890299	1.647415	0.011587974	0.184625	99.0	2506.32928609848
165	1.5976518	4.032252	10.579763	-2.597683	1000.0	9.875	18.04465	51.0	0.0	-1.3378592	0.0024673352	-1.3338482	-1.3430581	1328000	-7.450581e-09	11.519287	-0.016834948	-0.2613155	1.6520122	0.0070423693	0.127	99.0	2521.506581544876
166	2.233983	4.201309	11.265226	-3.118554	1000.0	20.625	45.855583	140.0	0.0	-0.82766235	0.0008701794	-0.8244098	-0.83123857	1336000	-7.450581e-09	33.617115	-0.018446282	-0.41640592	1.6709623	0.006276051	0.13775	99.0	2536.5263147354126
167	2.9262042	5.382211	10.089105	-5.124642	1000.0	20.375	21.453074	57.0	0.0	-1.4741067	0.0007278298	-1.4671378	-1.4756887	1344000	2.6077032e-08	12.365448	-0.024690073	-0.005097389	1.6747036	0.013523721	0.17362499	99.0	2551.932257413864
168	0.667382	2.319482	4.0794535	-2.3918605	1000.0	13.5	11.736694	33.0	0.0	-1.5445769	0.0004369822	-1.5409293	-1.5462141	1352000	7.450581e-09	7.072488	-0.018847926	-0.2577201	1.6841068	0.012285009	0.160875	99.0	2567.008912563324
169	2.2073488	3.15418	8.965317	-1.3222165	1000.0	0.0	0.0	0.0	0.0	-1.038166	0.0004335305	-1.0365925	-1.0395672	1360000	-5.2154064e-08	1.0219095	-0.021872863	-0.96414113	1.6993037	0.016007384	0.23449999	99.0	2582.070686817169
170	1.5369262	3.2425528	6.7028317	-3.5254195	1000.0	12.25	22.280878	69.0	0.0	-0.060038686	0.00054671353	-0.05707246	-0.062414467	1368000	2.6077032e-08	9.410755	-0.019686949	-0.57983303	1.6800213	0.008080942	0.17525	99.0	2597.124018907547
171	0.6890266	2.3930705	5.339105	-2.3422883	1000.0	3.625	6.32332	16.0	0.0	-0.81789076	0.00029563683	-0.81632286	-0.81904393	1376000	-1.3969839e-08	1.3054559	-0.015631504	-0.3246996	1.6894805	0.0039331038	0.12375	99.0	2612.279449701309
172	0.97069407	2.4428034	5.906649	-2.0566287	1000.0	3.125	8.267973	25.0	0.0	-0.25106454	0.0004169095	-0.24919564	-0.25190002	1384000	7.450581e-09	1.409207	-0.014269095	-0.0019864626	1.7066411	0.006776286	0.146875	99.0	2627.406881570816
173	1.9081346	4.8919854	7.8571115	-6.5246897	1000.0	8.5	15.716233	45.0	0.0	-0.20655619	0.00046509353	-0.20508128	-0.20771176	1392000	-2.0489097e-08	3.7330565	-0.0196275	-0.03163588	1.7053204	0.006444094	0.13374999	99.0	2642.4520151615143
174	3.0400124	4.017319	10.149258	-1.4040021	1000.0	7.0	10.012492	28.0	0.0	-0.38400188	0.0003570722	-0.38259327	-0.38493335	1400000	1.5832484e-08	1.3802637	-0.019891288	-0.060095817	1.7116778	0.0050700507	0.14662501	99.0	2657.4843266010284
175	3.5810194	3.3701103	7.6261306	-3.3173048	1000.0	19.875	25.394081	65.0	0.0	-0.13887018	0.00038382335	-0.13737196	-0.14033741	1408000	-9.778887e-09	2.500812	-0.021167548	-0.049467683	1.7141067	0.010737743	0.17899999	99.0	2672.549213409424
176	6.194236	4.318627	13.346669	0.88118863	1000.0	19.875	28.488758	72.0	0.0	-0.3619341	0.00035054362	-0.35930753	-0.3630755	1416000	-1.4901161e-08	1.9466772	-0.021858405	-0.065455616	1.7284365	0.010682844	0.179875	99.0	2687.67550945282
177	3.7541575	3.623846	8.078025	-1.734849	1000.0	15.75	27.284382	64.0	0.0	-0.10489783	0.00036468793	-0.10276747	-0.10556412	1424000	3.7252903e-09	1.2913411	-0.02241886	-0.013352811	1.734122	0.012729155	0.21425	99.0	2702.8140547275543
178	0.54365635	2.7285643	5.413146	-3.032907	1000.0	11.375	30.09542	91.0	0.0	0.011154869	0.00030460086	0.012641132	0.008834064	1432000	7.450581e-09	0.17566264	-0.016608402	-0.00027513504	1.7313223	0.00985206	0.128375	99.0	2717.97243142128
179	3.825519	4.0216613	10.158839	-1.1307257	1000.0	22.75	32.014645	90.0	0.0	0.02786874	0.00038072947	0.029135585	0.027124524	1440000	-1.4901161e-08	0.37368694	-0.021380901	-0.09077244	1.7144213	0.02003284	0.174375	99.0	2733.371761083603
180	5.670066	2.096068	8.076321	0.51012033	1000.0	18.625	22.287539	60.0	0.0	0.32966495	0.00044553724	0.3315078	0.32814085	1448000	-2.7939677e-08	0.41990185	-0.024389546	-0.035915807	1.6932324	0.019195076	0.16775	99.0	2748.4598236083984
181	3.264782	5.4105697	10.769499	-5.330472	1000.0	18.75	49.607838	150.0	0.0	0.51888	0.0005625255	0.52339256	0.517398	1456000	0.0	0.5736489	-0.020186856	-0.030641347	1.692193	0.014984353	0.1595	99.0	2763.556433916092
182	4.5426393	3.89547	10.058545	-0.6980467	1000.0	24.125	25.673126	79.0	0.0	0.34465203	0.00046483448	0.34643513	0.34350044	1464000	1.4901161e-08	0.42232513	-0.024168946	-0.0071020722	1.6852635	0.012201937	0.16800001	99.0	2778.619332551956
183	5.0104775	4.5517864	13.393576	-0.51103765	1000.0	24.375	39.808723	127.0	0.0	0.42829645	0.0004622649	0.43038696	0.42696303	1472000	1.8626451e-08	0.47509778	-0.022554357	-0.00088359416	1.6582416	0.012303136	0.1435	99.0	2793.68802690506
184	8.209553	2.818672	13.098757	3.1174555	1000.0	16.875	20.429375	55.0	0.0	0.45756656	0.00050439057	0.45915335	0.4557423	1480000	1.4901161e-08	0.45913076	-0.02228403	-0.08596219	1.6411197	0.018153178	0.18575001	99.0	2808.7266175746918
185	6.1897316	4.4626803	14.199146	-0.63326865	1000.0	71.375	96.63325	301.0	0.0	0.75064737	0.00063903385	0.7539148	0.7490441	1488000	-7.450581e-09	0.5368873	-0.024213001	-0.01912947	1.6276054	0.020048425	0.19375	99.0	2823.9610233306885
186	7.072115	5.3586097	16.494066	0.51917905	1000.0	31.25	46.58259	144.0	0.0	0.61215585	0.00042016534	0.61445385	0.6106644	1496000	-2.2351742e-08	30.162292	-0.018581964	-3.3774686	1.6062841	0.0019118821	0.144375	99.0	2839.0397956371307
187	6.001622	3.7426949	10.062515	-0.5444486	1000.0	20.0	38.561638	120.0	0.0	-1.2171838	0.00013001703	-1.2161672	-1.2176456	1504000	0.0	18.25343	-0.014610589	-0.03806603	1.6159239	0.0050512822	0.154	99.0	2854.1491820812225
188	4.914768	6.8271904	17.09006	-4.418741	1000.0	10.125	22.915266	70.0	0.0	-1.0230341	0.000116839525	-1.022641	-1.0236337	1512000	-1.1175871e-08	6.9572597	-0.019194715	-0.46566296	1.6139109	0.013054647	0.20612499	99.0	2869.253313779831
189	5.341041	3.7784429	11.519865	-0.8307801	1000.0	5.125	6.641489	19.0	0.0	-0.34413436	0.00014032044	-0.3434388	-0.34475535	1520000	-2.2351742e-08	0.79507184	-0.02080787	-0.13765414	1.6212003	0.013071286	0.19725001	99.0	2884.3442990779877
190	7.0445337	4.2985353	14.722062	1.0563203	1000.0	10.25	8.257572	21.0	0.0	0.025561905	0.00016028265	0.026297748	0.023648202	1528000	4.4703484e-08	0.57386386	-0.022579674	-0.053205937	1.6248598	0.016511463	0.20587501	99.0	2899.468067884445
191	8.530474	4.8524313	13.943727	0.4471596	1000.0	22.0	40.798283	127.0	0.0	0.25597936	0.00014324836	0.25659013	0.2553985	1536000	-2.2351742e-08	0.83807945	-0.015558841	-0.27845916	1.6147709	0.020370409	0.24037501	99.0	2915.034035921097
192	10.776215	3.2589798	15.270539	7.181531	1000.0	21.875	21.814201	67.0	0.0	0.7843643	0.00016525252	0.7854326	0.7837937	1544000	3.259629e-09	0.46165627	-0.023973264	-0.07744247	1.5997189	0.01805821	0.1935	99.0	2930.768744468689
193	7.1815057	3.9958107	14.789773	0.42710888	1000.0	29.75	33.214268	91.0	0.0	1.0637505	0.00015446349	1.0648205	1.0631611	1552000	-2.9802322e-08	0.5691495	-0.02263172	-0.079833925	1.5813652	0.019110274	0.171375	99.0	2945.831018924713
194	8.307537	3.422073	13.857102	3.576557	1000.0	40.0	33.462666	119.0	8.0	0.7796979	0.00016590572	0.7806113	0.7790642	1560000	-7.450581e-09	0.8077425	-0.02612079	-0.2243922	1.5699629	0.014071984	0.161125	99.0	2960.9176461696625
195	4.438825	3.4489262	10.389303	0.63969314	1000.0	10.0	14.05347	43.0	0.0	0.3036287	0.00011799565	0.3040629	0.30234748	1568000	-1.4988473e-08	0.7841691	-0.02035401	-0.088090494	1.5667256	0.011473544	0.151625	99.0	2976.0622968673706
196	8.052536	5.855314	15.479009	-0.008399564	1000.0	16.375	24.453718	63.0	0.0	0.005910123	0.00012080988	0.006331384	0.0052363276	1576000	2.2351742e-08	0.8173909	-0.020904139	-0.22757638	1.561332	0.0150742885	0.18825	99.0	2991.1303086280823
197	11.522507	4.40748	18.53141	4.4582024	1000.0	43.125	27.029787	72.0	0.0	0.48360997	0.00014801984	0.48417825	0.48287243	1584000	-5.2154064e-08	0.84258896	-0.022342473	-0.36169225	1.5448943	0.021202255	0.193625	99.0	3006.160491704941
198	8.755822	4.1242023	15.087031	2.1748796	1000.0	26.0	26.320145	62.0	0.0	1.0854455	0.00012490722	1.0858295	1.0849881	1592000	0.0	4.4467497	-0.024291113	-1.4887304	1.53706	0.01016905	0.205625	99.0	3021.260081768036
199	10.772888	3.6988833	15.548877	4.1574035	1000.0	39.875	32.297203	75.0	0.0	-0.14088285	0.0001114402	-0.14041197	-0.14150369	1600000	-1.1175871e-08	6.1732345	-0.023057293	-0.22075403	1.5176384	0.008056053	0.1535	99.0	3036.42906832695
200	8.499477	5.115572	16.176573	2.2146528	1000.0	29.0	31.776564	90.0	0.0	-0.6131536	0.00010702392	-0.6125425	-0.6136018	1608000	-3.7252903e-09	11.15397	-0.023105733	-0.109757185	1.5263016	0.008100125	0.183625	99.0	3051.521283864975
201	7.8742456	5.739346	16.79307	-0.8583192	1000.0	10.375	16.431202	46.0	0.0	-0.94571495	9.718639e-05	-0.94539076	-0.9460588	1616000	-1.1175871e-08	3.57026	-0.021394351	-0.66876423	1.5293229	0.014416781	0.22299999	99.0	3066.7170445919037
202	5.887294	4.5014343	13.488774	0.348876	1000.0	21.125	27.890131	74.0	0.0	-0.12421503	0.000113357455	-0.12382734	-0.12482941	1624000	1.8626451e-08	3.481774	-0.019101027	-0.10365999	1.5389671	0.007355147	0.159875	99.0	3081.73481631279
203	8.345675	5.573616	19.030106	1.2320085	1000.0	31.875	50.62469	159.0	0.0	-0.44703966	0.00010146731	-0.44666535	-0.4477566	1632000	1.4901161e-08	10.180696	-0.018817514	-0.01658994	1.5552235	0.0040883967	0.167375	99.0	3096.8444821834564
204	8.600552	5.2417374	15.379578	1.8623636	1000.0	19.625	32.611107	92.0	0.0	-0.5757424	9.041378e-05	-0.57506657	-0.5763254	1640000	7.450581e-09	4.2141805	-0.019941948	-0.04943791	1.5543382	0.0114148855	0.20574999	99.0	3112.2068214416504
205	9.760922	5.0700693	20.279924	3.8678062	1000.0	43.375	43.02016	123.0	0.0	-0.3542784	8.448253e-05	-0.35354674	-0.35484183	1648000	-1.1175871e-08	8.051583	-0.024639629	-0.1769296	1.5584518	0.0097718425	0.20375	99.0	3127.4235215187073
206	10.898166	3.4262846	14.521025	3.9172826	1000.0	35.0	19.723083	69.0	3.0	-0.7728025	8.474384e-05	-0.7725384	-0.7732208	1656000	7.450581e-09	8.1839695	-0.023525752	-0.14811635	1.5565004	0.009755578	0.178375	99.0	3142.576154232025
207	6.810774	3.9048297	12.315734	-0.71689665	1000.0	20.375	22.566221	60.0	0.0	-1.1557046	8.4069994e-05	-1.155416	-1.1559656	1664000	7.450581e-09	7.3485656	-0.023033682	-0.061333656	1.558221	0.009291734	0.15437499	99.0	3157.6158905029297
208	4.198337	4.3201714	10.862355	-2.07916	1000.0	6.5	9.4604435	27.0	0.0	-0.90892637	7.6079596e-05	-0.9086469	-0.9093333	1672000	2.2351742e-08	2.0426023	-0.017566595	-0.43354994	1.5802648	0.0069396673	0.16125	99.0	3172.6357803344727
209	7.929861	3.123578	11.724261	1.2061247	1000.0	46.625	61.864647	157.0	0.0	-0.25329885	9.1367256e-05	-0.25293195	-0.25383174	1680000	-2.9802322e-08	21.731709	-0.01798496	-0.7750797	1.5943842	0.007543283	0.20125	99.0	3187.6755182743073
210	5.85413	2.5058079	7.847829	-0.560533	1000.0	36.25	15.833114	62.0	15.0	-1.1295286	6.8732035e-05	-1.1292036	-1.1299515	1688000	-2.4214387e-08	13.636892	-0.023318868	-0.2847247	1.5798624	0.011053038	0.167125	99.0	3202.7431552410126
211	9.34551	3.951708	15.816197	3.310368	1000.0	23.625	43.846146	126.0	0.0	-1.6605327	6.9424575e-05	-1.6601605	-1.660924	1696000	-1.1175871e-08	19.788591	-0.019658532	-0.18548822	1.5963391	0.011875183	0.20300001	99.0	3217.947121858597
212	8.705557	3.7535915	15.110763	2.9609857	1000.0	30.75	37.4925	107.0	0.0	-1.2320789	7.057582e-05	-1.2319252	-1.2325737	1704000	3.7252903e-09	19.686493	-0.019692404	-0.09911442	1.6007757	0.010437969	0.232	99.0	3233.01917552948
213	6.0041122	5.246475	16.446938	-0.9870172	1000.0	13.0	34.394768	104.0	0.0	-1.5455564	5.3015876e-05	-1.5454118	-1.5457311	1712000	-1.4901161e-08	16.377264	-0.016663864	-0.6435454	1.6023623	0.007357173	0.140625	99.0	3248.1967737674713
214	10.656138	4.0862465	17.9511	4.597267	1000.0	41.25	33.744446	102.0	0.0	-0.74745286	5.6723646e-05	-0.74723524	-0.74783343	1720000	0.0	19.455208	-0.020773448	-1.3290272	1.6238165	0.012473544	0.231125	99.0	3263.2865941524506
215	6.621888	5.567975	16.914274	-0.579965	1000.0	35.0	33.094563	98.0	0.0	-1.9022214	4.33e-05	-1.9020534	-1.9025388	1728000	-1.8626451e-08	30.535229	-0.020632645	-0.005299568	1.6351624	0.009827979	0.18825	99.0	3278.429957151413
216	7.6211495	3.966132	15.370932	2.8155987	1000.0	23.375	41.69214	121.0	0.0	-1.9749162	5.1922943e-05	-1.9747283	-1.9751875	1736000	3.3527613e-08	14.871442	-0.023348263	-0.28770542	1.6465138	0.014253133	0.18725	99.0	3293.5721435546875
217	5.331398	5.640196	15.597685	-1.0304699	1000.0	11.75	19.122957	58.0	0.0	-1.4399081	5.7297464e-05	-1.4397105	-1.4404393	1744000	1.4901161e-08	5.1260986	-0.01907225	-0.5608858	1.6547747	0.007789066	0.175125	99.0	3309.1145479679108
218	6.9053125	3.9054022	11.876023	1.437248	1000.0	9.5	16.52271	41.0	0.0	-0.69176483	5.049737e-05	-0.6916127	-0.6920936	1752000	-7.450581e-09	5.293939	-0.017871473	-0.18737239	1.6679468	0.0039749253	0.15	99.0	3324.1594183444977
219	5.377867	4.08477	11.71744	0.06668912	1000.0	40.875	82.56276	253.0	0.0	-0.26006967	6.087007e-05	-0.25985485	-0.2603379	1760000	2.9802322e-08	43.942158	-0.023623388	-2.4316967	1.6832002	0.012757605	0.19749999	99.0	3339.259462118149
220	8.254593	4.780385	14.5210905	2.210724	1000.0	13.25	18.226011	56.0	0.0	-1.825288	5.3198593e-05	-1.8249441	-1.825528	1768000	1.8626451e-08	5.1060553	-0.01895792	-1.332172	1.6784898	0.0042796526	0.17	99.0	3354.429034948349
221	11.602952	4.237318	17.342335	4.0731463	1000.0	21.375	18.707869	51.0	0.0	-0.67213744	6.4173415e-05	-0.67197806	-0.6725214	1776000	-4.4703484e-08	6.228867	-0.024493113	-0.0067041516	1.6665884	0.011139792	0.19775	99.0	3369.5378365516663
222	7.284319	3.9285882	13.94583	1.0526662	1000.0	27.5	25.288338	66.0	0.0	-0.7541349	4.9513772e-05	-0.7539977	-0.75441897	1784000	-1.6298145e-08	9.458702	-0.0215451	-0.21134472	1.6604794	0.009719311	0.21162501	99.0	3384.7721540927887
223	10.30105	4.6628246	15.37338	1.7598993	1000.0	18.5	22.371857	70.0	0.0	-1.2157327	6.3252475e-05	-1.215569	-1.2159693	1792000	1.4901161e-08	5.832678	-0.022529505	-0.3973893	1.6617072	0.008312131	0.189375	99.0	3399.8038120269775
224	9.219217	5.2203355	17.057335	2.9812844	1000.0	72.5	99.6406	324.0	0.0	-0.5823913	5.5987584e-05	-0.58219373	-0.5826386	1800000	0.0	74.609375	-0.020330802	-7.5551553	1.6857432	0.0019087477	0.139	99.0	3414.8253452777863
225	5.406372	4.1864934	12.4984865	0.5755746	1000.0	9.25	9.3775	22.0	0.0	-3.3417814	3.2294876e-05	-3.3416834	-3.3419132	1808000	-2.6077032e-08	10.23158	-0.020388408	-6.4373436	1.6955031	0.008178146	0.17287499	99.0	3429.8706414699554
226	8.439952	5.053073	15.412443	2.5943103	1000.0	35.75	31.657345	76.0	0.0	-0.8050806	2.9317462e-05	-0.8049963	-0.80525976	1816000	3.3527613e-08	22.165857	-0.02260749	-1.1149926	1.7040892	0.009120163	0.17537501	99.0	3445.0020830631256
227	8.085018	3.7926128	14.530809	1.7784678	1000.0	14.875	22.34635	66.0	0.0	-1.860899	2.4214853e-05	-1.8608328	-1.8610393	1824000	2.6077032e-08	10.568762	-0.022020552	-0.9117689	1.7149218	0.011148054	0.153625	99.0	3460.315435409546
228	5.4721684	4.856576	16.215254	-1.6172073	1000.0	24.625	25.248453	60.0	0.0	-0.9050131	2.4637991e-05	-0.9049269	-0.905187	1832000	-2.2351742e-08	10.163122	-0.022375982	-0.36213326	1.739194	0.00812584	0.171875	99.0	3475.393567085266
229	7.0116005	1.828867	9.907585	4.5154853	1000.0	31.0	28.57009	72.0	0.0	-1.5086164	2.9839515e-05	-1.5085179	-1.5089802	1840000	-1.4901161e-08	14.117416	-0.024520077	-0.058664322	1.7529621	0.008052801	0.143	99.0	3490.487174987793
230	6.3758464	5.045764	14.714748	0.59439933	1000.0	59.5	68.99275	192.0	0.0	-1.7519866	2.633791e-05	-1.7519177	-1.7521237	1848000	0.0	77.73856	-0.020511404	-4.326607	1.7663814	0.0073643145	0.144875	99.0	3505.946255683899
231	6.141854	5.359817	13.971151	-0.21461731	1000.0	19.875	32.73926	102.0	0.0	-3.8330133	2.8543971e-05	-3.832918	-3.8331504	1856000	-3.3527613e-08	30.340227	-0.019714106	-4.8353	1.775155	0.0068733334	0.15325001	99.0	3521.0379757881165
232	5.6167655	4.838353	14.329577	-1.7385823	1000.0	17.0	24.336187	67.0	0.0	-1.6433532	2.7754062e-05	-1.6432748	-1.6435637	1864000	0.0	10.816319	-0.022679413	-0.27044153	1.7951201	0.0053036837	0.133625	99.0	3536.247364282608
233	8.381384	4.1290703	17.61855	3.2191825	1000.0	54.125	87.566315	273.0	0.0	-1.1247685	3.1663614e-05	-1.124677	-1.1250134	1872000	-2.2351742e-08	124.260864	-0.017047338	-6.5357447	1.8049058	0.0037710895	0.13762501	99.0	3551.3407282829285
234	8.871111	5.553698	16.731518	0.49996245	1000.0	7.75	11.648498	34.0	0.0	-3.6683402	2.3983888e-05	-3.6682696	-3.6685321	1880000	-1.1175871e-08	12.072512	-0.018863995	-8.953495	1.8104312	0.0100119095	0.153875	99.0	3566.5373780727386
235	8.846824	3.9099462	14.525544	2.4871128	1000.0	55.25	78.40719	249.0	0.0	-0.6760316	2.0378586e-05	-0.67596436	-0.67617583	1888000	-4.8428774e-08	112.33802	-0.017224982	-9.134443	1.8315905	0.012282835	0.22625	99.0	3581.5867636203766
236	8.756765	4.7156167	15.581399	2.3911793	1000.0	64.75	73.17573	222.0	0.0	-3.7118008	1.5855956e-05	-3.7117608	-3.7119303	1896000	-1.4901161e-08	132.80133	-0.02184223	-1.7377987	1.8284171	0.0076745837	0.152	99.0	3596.6476254463196
237	8.3776245	2.5430741	12.693501	4.678555	1000.0	8.375	11.089832	28.0	0.0	-5.0355244	2.8055128e-05	-5.0354714	-5.0358014	1904000	1.4901161e-08	22.050026	-0.01968547	-17.384716	1.8389443	0.009582095	0.168375	99.0	3611.7544984817505
238	8.19692	3.8259513	13.096557	2.3446848	1000.0	48.625	64.77449	186.0	0.0	-0.85239065	1.2559728e-05	-0.8523565	-0.85248667	1912000	2.9802322e-08	77.696846	-0.022185802	-6.8065157	1.8568667	0.006332184	0.16125	99.0	3626.7795753479004
239	6.670162	4.541462	14.945386	0.64484394	1000.0	82.625	134.44044	428.0	0.0	-3.4662983	1.2125117e-05	-3.4662666	-3.4664066	1920000	-7.450581e-09	219.91646	-0.017554142	-10.711993	1.8691787	0.004840583	0.125375	99.0	3641.8691704273224
240	8.116004	4.836968	16.205286	-0.6519959	1000.0	26.75	35.555416	107.0	0.0	-6.736591	1.440283e-05	-6.736562	-6.7367287	1928000	-1.4901161e-08	50.005287	-0.020860784	-15.786516	1.8815353	0.00982266	0.1525	99.0	3656.8396294116974
241	9.46752	4.6673045	15.576989	-0.55021125	1000.0	37.125	30.093344	101.0	0.0	-2.7805274	1.1083485e-05	-2.7805004	-2.780688	1936000	9.313226e-10	36.734344	-0.022423226	-0.18813324	1.9074852	0.01265268	0.188375	99.0	3672.0298805236816
242	4.7627687	3.1036026	9.331971	-0.23538288	1000.0	0.5	1.3228756	4.0	0.0	-3.2128413	1.2298947e-05	-3.2128096	-3.2130017	1944000	-3.7252903e-08	8.941509	-0.018940266	-8.467695	1.9136963	0.007798952	0.160875	99.0	3687.094546556473
243	7.0004478	3.439544	14.468241	2.8637614	1000.0	30.5	27.477262	73.0	0.0	-0.31405687	1.1061292e-05	-0.31401753	-0.3141811	1952000	7.450581e-09	34.474262	-0.022931572	-4.0491323	1.9171352	0.0071620382	0.18425	99.0	3702.511291742325
244	3.9327893	4.385462	12.542544	-1.8875412	1000.0	41.625	41.505836	121.0	0.0	-2.319241	9.366103e-06	-2.3192196	-2.3193026	1960000	0.0	71.922676	-0.021981984	-1.4953222	1.9188136	0.0051196683	0.1445	99.0	3717.562835454941
245	10.12371	2.5372367	13.683455	5.752522	1000.0	63.5	54.47706	153.0	0.0	-3.539474	9.185533e-06	-3.5394466	-3.5395494	1968000	2.2351742e-08	88.27588	-0.023376312	-3.3698883	1.9245445	0.011190804	0.1685	99.0	3732.6495826244354
246	5.719239	3.760981	11.712034	-1.1571169	1000.0	18.5	23.547823	59.0	0.0	-5.372655	8.62683e-06	-5.3726244	-5.3727207	1976000	3.3527613e-08	34.193924	-0.019273791	-11.71249	1.9330493	0.0043928535	0.14575	99.0	3747.7634325027466
247	5.554042	4.698018	12.62109	-1.4977574	1000.0	31.5	52.215897	130.0	0.0	-1.9626105	8.818868e-06	-1.9625766	-1.9626918	1984000	1.4901161e-08	61.752644	-0.019789226	-0.3696078	1.9490262	0.010831293	0.15375	99.0	3763.588735103607
248	5.7584505	4.5896745	13.636872	0.35597324	1000.0	12.5	17.320509	45.0	0.0	-2.5692194	6.8563268e-06	-2.5692005	-2.5692594	1992000	-1.8626451e-08	15.930489	-0.020500306	-1.7825403	1.9683372	0.007313708	0.13387501	99.0	3778.8058621883392
249	7.701838	4.805438	15.529512	0.5112504	1000.0	14.0	14.525839	34.0	0.0	-1.234981	6.9929984e-06	-1.2349608	-1.2350271	2000000	1.8626451e-09	10.947261	-0.020391343	-0.07756591	1.9775095	0.007130166	0.134875	99.0	3793.9111704826355
250	8.467061	5.894464	19.591255	0.9689542	1000.0	11.75	16.083765	38.0	0.0	-0.9560164	7.1990567e-06	-0.95599663	-0.95606625	2008000	2.2351742e-08	11.171784	-0.017849743	-0.0036888123	1.996031	0.0035768256	0.1625	99.0	3808.954306125641
251	9.019188	4.255967	15.457513	2.8849359	1000.0	33.625	35.619297	95.0	0.0	-1.0169536	8.348739e-06	-1.0169163	-1.0170119	2016000	7.450581e-09	45.171944	-0.021437258	-3.2465343	1.9764787	0.011133176	0.176875	99.0	3824.0568976402283
252	6.902473	4.5672793	14.780099	1.3706052	1000.0	12.0	13.5	35.0	0.0	-2.8258817	8.46204e-06	-2.8258567	-2.8259747	2024000	2.3283064e-08	12.494259	-0.019508598	-2.6327486	2.0049736	0.007506406	0.14725	99.0	3839.220754623413
253	6.781096	5.1070504	16.12363	-0.19763064	1000.0	42.125	67.63956	215.0	0.0	-1.1961167	7.92069e-06	-1.1960962	-1.1961539	2032000	0.0	113.713715	-0.020011716	-5.4147615	2.0077343	0.0079415385	0.155875	99.0	3854.285878419876
254	6.4566946	3.073062	12.646266	1.5343903	1000.0	12.625	22.186356	58.0	0.0	-3.5322633	8.1233875e-06	-3.5322459	-3.5324025	2040000	-5.2154064e-08	21.189686	-0.020203955	-4.9079204	2.0151453	0.0068235113	0.141375	99.0	3869.3930530548096
255	7.7613125	4.6770496	15.250923	0.799486	1000.0	24.125	24.61421	67.0	0.0	-1.3089036	8.414886e-06	-1.308886	-1.3090296	2048000	1.8626451e-09	26.769474	-0.021180682	-0.4453783	2.0285692	0.006538311	0.1655	99.0	3884.5968968868256
256	7.1506615	5.3650126	14.776745	-3.4972723	1000.0	27.375	32.79458	98.0	0.0	-1.979477	6.1963724e-06	-1.9794598	-1.9795089	2056000	2.6077032e-08	38.785233	-0.018229537	-0.02812004	2.0320663	0.007932342	0.17774999	99.0	3899.9908068180084
257	5.596657	4.924328	14.000696	-0.2939071	1000.0	24.125	33.190502	80.0	0.0	-2.1480596	6.182955e-06	-2.1480439	-2.1480966	2064000	3.7252903e-09	27.10242	-0.020704988	-0.003358841	2.0389993	0.0085751405	0.1535	99.0	3917.769077062607
258	7.0729527	3.0637953	10.452556	-0.26493567	1000.0	18.0	14.983324	37.0	0.0	-2.0898457	8.76204e-06	-2.089801	-2.0900614	2072000	1.1175871e-08	16.18531	-0.020279646	-0.20549154	2.059744	0.007197334	0.142625	99.0	3933.716309070587
259	8.9262295	3.469621	11.700199	1.4258871	1000.0	10.75	19.638927	60.0	0.0	-1.6349744	7.4421205e-06	-1.6349516	-1.6350541	2080000	0.0	14.726807	-0.016475465	-0.4707784	2.0752833	0.008474455	0.140625	99.0	3952.6002805233
260	9.548187	5.2573986	15.577105	0.16333875	1000.0	22.25	25.979559	78.0	0.0	-0.94775534	9.1061875e-06	-0.9477169	-0.9478666	2088000	8.614734e-09	27.945454	-0.017914983	-0.7055011	2.0949953	0.0073687457	0.164875	99.0	3969.9110717773438
261	4.4081907	5.229519	12.744432	-4.3424215	1000.0	18.25	26.966413	84.0	0.0	-1.7870139	6.892942e-05	-1.7868872	-1.7875993	2096000	2.2351742e-08	17.062248	-0.02136375	-5.950941	2.1186857	0.008762061	0.15575	99.0	3986.32470202446
262	7.212425	4.150067	13.233478	2.3145218	1000.0	28.5	28.71846	88.0	0.0	-1.5496933	1.5364062	-0.59178257	-4.786993	2104000	1.1175871e-08	26.390007	-0.023512825	-20.799177	2.1402352	0.0148583185	0.17587501	99.0	4002.8186292648315
263	7.411275	2.8800824	10.806013	1.0048568	1000.0	12.75	23.231174	69.0	0.0	-2.7805016	4.530998	1.1925733	-15.089763	2112000	-1.4901161e-08	38.370872	-0.024151474	-27.823126	2.1408613	0.01763821	0.168625	99.0	4018.5017399787903
264	5.683357	4.3082657	13.610976	0.09341396	1000.0	15.0	20.621592	51.0	0.0	-0.9156403	1.1117481	0.90040344	-4.546684	2120000	7.450581e-09	14.780075	-0.021077693	-12.110077	2.1440554	0.010082441	0.1575	99.0	4034.982483625412
265	6.432782	3.1071408	11.77759	1.5562993	1000.0	14.375	24.601511	77.0	0.0	-0.46640167	1.6260512	1.4269327	-12.8452835	2128000	-1.8626451e-09	22.24027	-0.023355937	-15.931337	2.145113	0.019320194	0.226875	99.0	4053.458927631378
266	4.839484	3.7120683	10.548535	-0.07967729	1000.0	10.0	12.951834	29.0	0.0	-0.9454647	1.7454255	2.0255077	-12.558431	2136000	-1.8626451e-08	10.425024	-0.022811458	-9.503672	2.1248872	0.022185594	0.21700001	99.0	4070.754485607147
267	5.218937	3.4343653	11.371963	0.21400276	1000.0	26.875	34.620937	110.0	0.0	-1.2644053	2.1323514	2.0867617	-13.598683	2144000	7.450581e-09	29.56226	-0.02382052	-24.627691	2.1325185	0.015724286	0.20862499	99.0	4086.4684772491455
268	5.9155602	3.999933	11.763176	-0.66622734	1000.0	27.125	21.791267	65.0	0.0	-1.8025091	3.0675554	1.0576993	-19.415161	2152000	-7.450581e-09	31.86892	-0.022736887	-28.129074	2.132189	0.018481363	0.21187499	99.0	4103.4395117759705
269	4.5229836	4.590693	9.298091	-4.1690826	1000.0	5.5	8.760708	26.0	0.0	-1.3657069	2.9220946	0.1918518	-21.482952	2160000	-2.6077032e-08	8.113804	-0.023328058	-4.878792	2.1347592	0.027967583	0.25825	99.0	4121.089330911636
270	4.314782	4.9602222	13.257111	-3.2206204	1000.0	19.125	44.725376	137.0	0.0	-0.5984881	0.4037128	0.2267797	-1.5573345	2168000	-2.2351742e-08	49.510418	-0.015394002	-43.537174	2.1120932	0.0025157267	0.14912501	99.0	4220.985306978226
271	6.6224537	3.9075916	13.58047	-0.084583595	1000.0	48.0	39.50949	106.0	0.0	-1.1513582	4.2914834	2.5059657	-36.762035	2176000	2.2351742e-08	67.89362	-0.021084907	-62.823185	2.1170714	0.012455633	0.17487499	99.0	4353.947127342224
272	5.7886925	3.9662335	9.79966	-0.6237817	1000.0	10.0	11.011357	26.0	0.0	-2.2401485	3.8445487	0.26828098	-26.252285	2184000	-2.4912879e-08	20.22491	-0.020945694	-14.671834	2.118247	0.020469567	0.214	99.0	4491.226605653763
273	1.4454274	3.3846624	7.1125035	-3.2203135	1000.0	5.0	8.789198	23.0	0.0	-0.85413915	0.09391725	2.4764085	-0.86180747	2192000	-9.313226e-09	3.1199455	-0.016151212	-0.19217467	2.1083565	0.003152276	0.137375	99.0	4623.561562299728
274	6.4584117	3.3230004	11.011684	1.072768	1000.0	6.875	9.346623	25.0	0.0	-0.46363667	0.016682284	0.4246024	-0.46722972	2200000	-7.450581e-09	3.6648817	-0.01799395	-0.0038943887	2.11502	0.007020465	0.145125	99.0	4760.81112408638
275	4.779066	4.3268156	11.762096	-3.155979	1000.0	11.5	19.918585	46.0	0.0	-0.40696058	0.0021166026	-0.37218106	-0.40841615	2208000	0.0	12.940869	-0.017187338	-0.11543693	2.1406202	0.005373447	0.14075	99.0	4893.717454195023
276	3.1829767	4.2331395	10.071515	-1.444181	1000.0	24.375	42.263866	117.0	0.0	-0.74481666	0.006085422	-0.65266836	-0.74683475	2216000	-1.4901161e-08	41.980045	-0.016435333	-1.1457808	2.142194	0.005348215	0.11912499	99.0	5044.662451982498
277	3.4493818	3.1281378	7.132736	-2.3085437	1000.0	3.5	8.529361	26.0	0.0	-1.8078984	0.013970416	-1.7032933	-1.8131409	2224000	-1.4901161e-08	4.65813	-0.012472875	-2.060145	2.162011	0.005383635	0.14725	99.0	5177.751522541046
278	2.8048706	4.173017	8.092065	-2.8469388	1000.0	24.75	65.482346	198.0	0.0	-0.37747705	0.00074809644	-0.36743546	-0.3781457	2232000	-2.2351742e-08	66.38849	-0.018970668	-1.8806504	2.1771896	0.0048526414	0.166125	99.0	5311.080145120621
279	2.2580194	4.269977	9.512581	-3.8033752	1000.0	0.0	0.0	0.0	0.0	-1.7454946	0.001172584	-1.7257228	-1.7465403	2240000	-1.7974526e-07	2.8072429	-0.021175992	-2.654317	2.170778	0.013219866	0.203375	99.0	5446.363733053207
280	3.5831802	2.5453203	7.8882785	-0.756691	1000.0	4.875	8.447448	20.0	0.0	-0.1222509	0.00027989864	-0.11874926	-0.1227473	2248000	1.4828402e-08	1.3479985	-0.018057324	-0.008022606	2.1398954	0.006489301	0.1485	99.0	5578.381464719772
281	4.159477	3.6963966	11.213741	-0.8881595	1000.0	0.625	1.6535946	5.0	0.0	-0.21155855	0.0006801294	-0.2039671	-0.21212101	2256000	3.7252903e-08	0.19745305	-0.021045193	-0.097001985	2.1632223	0.009941134	0.168375	99.0	5722.7460260391235
282	5.7318974	4.236808	12.912712	0.46640712	1000.0	5.625	14.882351	45.0	0.0	0.10113305	0.002840504	0.17404461	0.099674225	2264000	2.4214387e-08	2.316613	-0.01883469	-0.00472736	2.1488361	0.013360653	0.1755	99.0	5853.541847229004
283	2.5302327	3.5541284	8.487253	-2.9288309	1000.0	0.0	0.0	0.0	0.0	0.033936854	0.00032263336	0.036303997	0.033521533	2272000	1.8626451e-09	0.21274005	-0.021850634	-0.0189787	2.146128	0.0121201705	0.14725	99.0	5987.585448026657
284	4.1661496	4.24059	13.053982	-0.3597035	1000.0	0.0	0.0	0.0	0.0	0.17242306	0.00054292945	0.18134344	0.17194164	2280000	0.0	0.33676925	-0.0208166	-0.03957253	2.1296265	0.014210578	0.18575001	99.0	6123.21816945076
285	4.5772967	4.5732384	13.277629	-2.3870468	1000.0	9.75	18.906017	56.0	0.0	0.37232634	0.00077753025	0.3812667	0.37064362	2288000	7.450581e-09	0.40261215	-0.025647692	-0.0055903792	2.111206	0.015616955	0.158625	99.0	6256.023765087128
286	5.702238	5.0356684	16.997665	-0.09443648	1000.0	20.0	23.64318	60.0	0.0	0.44709003	0.0004375167	0.46773112	0.44667637	2296000	2.9802322e-08	0.47165447	-0.024047352	-0.007618457	2.074889	0.012543064	0.18	99.0	6394.213364362717
287	7.235022	4.373001	13.0054865	0.88981354	1000.0	21.375	38.551712	107.0	0.0	0.53436464	0.0005043174	0.54219735	0.53385174	2304000	7.450581e-09	0.5511647	-0.02384857	-0.02498357	2.0494518	0.016473426	0.17012501	99.0	6525.797311544418
288	3.8974304	2.8088768	9.976606	-0.13918376	1000.0	2.25	5.9529405	18.0	0.0	0.6918514	0.0007374997	0.70614886	0.69136345	2312000	0.0	0.35535818	-0.024502166	-0.09453997	2.035086	0.0156846	0.156625	99.0	6658.248569488525
